Insert_Size	DF_927_1_GFP_tdt
54	7
55	8
56	4
57	17
58	23
59	19
60	22
61	26
62	49
63	38
64	54
65	44
66	63
67	96
68	101
69	94
70	96
71	170
72	208
73	164
74	277
75	216
76	324
77	344
78	425
79	398
80	528
81	708
82	669
83	577
84	619
85	620
86	823
87	822
88	778
89	870
90	961
91	884
92	1191
93	1157
94	1210
95	1318
96	1364
97	1872
98	1514
99	1705
100	183564
101	198214
102	229584
103	234848
104	240732
105	243623
106	244876
107	246766
108	248493
109	246237
110	249558
111	250441
112	253214
113	255934
114	255302
115	249005
116	246431
117	241950
118	242614
119	237082
120	236588
121	238711
122	238139
123	238936
124	237341
125	234164
126	230020
127	225768
128	222963
129	223382
130	218378
131	217052
132	220202
133	217803
134	216492
135	213047
136	209725
137	205585
138	200672
139	197793
140	196536
141	194734
142	197377
143	195009
144	193468
145	191039
146	192638
147	187657
148	190423
149	189540
150	308956
151	306568
152	305640
153	302713
154	302144
155	297800
156	291242
157	284988
158	276938
159	270838
160	265537
161	261937
162	259845
163	259826
164	258682
165	254708
166	251765
167	244026
168	236695
169	230753
170	225476
171	223375
172	222682
173	220253
174	219344
175	217112
176	214316
177	212417
178	206869
179	201929
180	194681
181	192300
182	188657
183	190024
184	190188
185	189248
186	185674
187	183086
188	178239
189	174856
190	170746
191	167017
192	163828
193	163701
194	164526
195	163927
196	163131
197	161677
198	158129
199	155743
200	151090
201	147938
202	146055
203	143182
204	142955
205	144249
206	143266
207	143472
208	141676
209	138914
210	136357
211	132737
212	129982
213	127983
214	127889
215	127759
216	127329
217	127483
218	127836
219	124749
220	121594
221	120668
222	119365
223	115814
224	114470
225	114001
226	114307
227	116211
228	116685
229	115032
230	113351
231	110769
232	109434
233	106906
234	105432
235	105824
236	105507
237	106260
238	107184
239	107023
240	106360
241	104383
242	101472
243	99260
244	98609
245	98452
246	97967
247	98015
248	99003
249	97729
250	98156
251	96613
252	94057
253	93633
254	91088
255	89731
256	90046
257	90143
258	90600
259	90957
260	91060
261	90399
262	88405
263	87114
264	85790
265	84602
266	84754
267	84821
268	84284
269	84662
270	83844
271	84566
272	83556
273	81397
274	79799
275	79281
276	76721
277	76926
278	78259
279	78639
280	78688
281	77790
282	76377
283	75646
284	74211
285	73042
286	73063
287	72324
288	72746
289	72952
290	72844
291	73008
292	71587
293	70670
294	69554
295	69473
296	68187
297	69053
298	68757
299	68461
300	68662
301	68413
302	67887
303	68221
304	66963
305	66902
306	66449
307	65712
308	65766
309	65203
310	65312
311	66953
312	64743
313	64551
314	65757
315	63333
316	63283
317	63026
318	63749
319	62629
320	62169
321	65134
322	62339
323	61907
324	61900
325	60398
326	60496
327	60707
328	61121
329	61646
330	60459
331	61155
332	59645
333	60140
334	59611
335	60839
336	58708
337	59345
338	58632
339	59174
340	59653
341	59781
342	59020
343	60535
344	60352
345	57748
346	58232
347	58064
348	56961
349	56364
350	57744
351	57735
352	56864
353	57609
354	56805
355	55981
356	55419
357	56359
358	57889
359	55802
360	55503
361	55410
362	54560
363	54610
364	53740
365	53026
366	52770
367	50806
368	51984
369	51880
370	51762
371	50902
372	50748
373	52272
374	49839
375	49421
376	48279
377	48946
378	47291
379	47999
380	47890
381	47428
382	46688
383	46845
384	46799
385	46130
386	45454
387	45688
388	46014
389	44922
390	45460
391	46310
392	44054
393	44465
394	45617
395	43444
396	43548
397	43536
398	43918
399	43489
400	42706
401	42399
402	42866
403	42123
404	41412
405	41501
406	42086
407	41247
408	42680
409	41689
410	41413
411	40921
412	40232
413	41274
414	40018
415	39193
416	39807
417	38094
418	37702
419	38166
420	37590
421	37251
422	36770
423	37319
424	36673
425	36602
426	37038
427	36211
428	36327
429	36139
430	35358
431	36551
432	35773
433	35658
434	36717
435	35046
436	35306
437	39404
438	37891
439	36974
440	36501
441	37085
442	36670
443	37248
444	36994
445	37839
446	42450
447	38324
448	37332
449	37409
450	37371
451	35742
452	36429
453	36439
454	34890
455	36428
456	36461
457	35429
458	36095
459	35832
460	35408
461	34208
462	36109
463	35145
464	35406
465	36383
466	34406
467	36342
468	37404
469	35509
470	35450
471	34931
472	33630
473	34211
474	33730
475	35172
476	34541
477	33694
478	34571
479	37837
480	33034
481	32976
482	33276
483	32642
484	33072
485	33643
486	34131
487	32321
488	33910
489	34420
490	35477
491	36729
492	34008
493	32184
494	33232
495	32671
496	31383
497	33129
498	32559
499	31590
500	34562
501	31245
502	30853
503	32084
504	30526
505	30588
506	30325
507	29518
508	30362
509	30488
510	30341
511	29784
512	28685
513	28502
514	27327
515	28457
516	28081
517	29153
518	28304
519	27024
520	28036
521	28268
522	26527
523	26546
524	26826
525	26043
526	26570
527	27264
528	27206
529	25811
530	25740
531	26241
532	26546
533	25884
534	25441
535	24259
536	25835
537	24217
538	24577
539	24274
540	24246
541	24271
542	23341
543	23735
544	24218
545	23805
546	22855
547	22700
548	22450
549	23678
550	23668
551	24669
552	23336
553	23267
554	22144
555	22336
556	22178
557	22857
558	22615
559	24873
560	21980
561	21649
562	21388
563	21151
564	21811
565	22880
566	21883
567	20694
568	20698
569	20660
570	20386
571	20773
572	20732
573	21178
574	22469
575	20586
576	20258
577	20156
578	19892
579	20672
580	20264
581	20513
582	20887
583	20466
584	19359
585	19285
586	18948
587	18736
588	19309
589	18862
590	19392
591	19021
592	18816
593	18900
594	18561
595	18217
596	17987
597	17867
598	18118
599	18471
600	18187
601	18432
602	18011
603	17803
604	18180
605	17976
606	18106
607	18374
608	17733
609	17227
610	17698
611	17593
612	17453
613	17104
614	16411
615	16954
616	17150
617	16740
618	16798
619	16975
620	16744
621	16640
622	16269
623	16253
624	15855
625	15959
626	15995
627	15855
628	16265
629	16033
630	16055
631	16503
632	16270
633	15854
634	15765
635	15626
636	16103
637	16251
638	16017
639	16150
640	16017
641	16077
642	16066
643	15923
644	15816
645	15332
646	15433
647	15832
648	15634
649	15538
650	15647
651	15387
652	15156
653	15105
654	15431
655	15007
656	15203
657	15063
658	14486
659	14425
660	14542
661	14632
662	14840
663	14854
664	14479
665	14839
666	14561
667	14262
668	14520
669	14634
670	14585
671	14704
672	14623
673	14099
674	14632
675	14680
676	14399
677	14262
678	14210
679	14105
680	14049
681	14499
682	14308
683	14334
684	14605
685	13835
686	13888
687	13502
688	14271
689	14888
690	14851
691	14902
692	14917
693	14782
694	14484
695	14964
696	15082
697	14286
698	14470
699	15050
700	14725
701	14597
702	14527
703	14025
704	14246
705	14511
706	14506
707	14244
708	14358
709	14547
710	14396
711	14821
712	13997
713	13970
714	14010
715	15507
716	15211
717	14038
718	14663
719	13537
720	13688
721	14722
722	14526
723	14562
724	13515
725	15552
726	14352
727	13914
728	13517
729	14099
730	13882
731	14299
732	14774
733	15342
734	14210
735	14639
736	14769
737	14137
738	14439
739	14725
740	14811
741	14195
742	13732
743	14091
744	13466
745	14252
746	14650
747	14593
748	14677
749	14844
750	14415
751	14916
752	15269
753	14938
754	15189
755	15060
756	14898
757	14336
758	15575
759	14897
760	13932
761	14142
762	14214
763	14046
764	13489
765	13690
766	13181
767	13100
768	13581
769	13793
770	14037
771	13236
772	13348
773	13817
774	13762
775	13092
776	13265
777	13058
778	12909
779	13602
780	13157
781	13361
782	13490
783	13607
784	13950
785	13436
786	12997
787	13257
788	13411
789	13424
790	13320
791	13402
792	12868
793	12882
794	13125
795	12769
796	12645
797	12571
798	13734
799	13599
800	12513
801	12670
802	12370
803	12468
804	12794
805	13351
806	13410
807	12669
808	12742
809	13150
810	12942
811	12765
812	12726
813	12579
814	13104
815	12226
816	12910
817	12790
818	12964
819	12754
820	12606
821	12950
822	12425
823	12284
824	12204
825	12460
826	12640
827	12433
828	12255
829	12270
830	12239
831	12196
832	13032
833	13001
834	12006
835	12230
836	12562
837	12553
838	12524
839	13184
840	12628
841	12841
842	13251
843	13719
844	12421
845	12700
846	13020
847	14144
848	13301
849	13234
850	13224
851	13199
852	13020
853	13451
854	13221
855	13388
856	13522
857	14038
858	13232
859	12696
860	12800
861	13577
862	13294
863	14004
864	14345
865	14456
866	14429
867	14465
868	13451
869	12514
870	12843
871	12477
872	13687
873	12693
874	12811
875	13265
876	12418
877	12168
878	12666
879	12482
880	12142
881	12345
882	12256
883	12398
884	12088
885	11904
886	11637
887	11906
888	11735
889	11979
890	12097
891	11778
892	11863
893	11719
894	11629
895	12468
896	11947
897	12122
898	11569
899	12055
900	11875
901	11824
902	11884
903	11593
904	11428
905	11993
906	11423
907	11187
908	11425
909	11806
910	12107
911	11507
912	11590
913	11460
914	11203
915	11022
916	11556
917	11558
918	11119
919	11251
920	11459
921	11108
922	10824
923	10654
924	10513
925	10573
926	10992
927	11263
928	11193
929	10801
930	11119
931	10916
932	10593
933	10725
934	10555
935	10513
936	10354
937	10705
938	11403
939	10536
940	10691
941	10407
942	10545
943	10468
944	10673
945	10480
946	10380
947	10455
948	10295
949	10195
950	10413
951	10476
952	10413
953	9985
954	9838
955	10062
956	9987
957	10041
958	10244
959	9791
960	9766
961	9969
962	9903
963	9943
964	10139
965	10009
966	9983
967	9974
968	9805
969	10066
970	9545
971	9678
972	9745
973	9824
974	9596
975	9671
976	9768
977	9231
978	9259
979	9318
980	9479
981	9326
982	9350
983	9724
984	9185
985	9245
986	9575
987	9528
988	9754
989	9223
990	9484
991	9548
992	9325
993	9391
994	9808
995	9298
996	9897
997	9536
998	10058
999	9864
1000	9435
1001	9819
1002	10187
1003	10456
1004	9807
1005	9857
1006	9985
1007	10129
1008	9724
1009	9971
1010	9715
1011	9708
1012	9874
1013	10560
1014	9771
1015	9735
1016	10039
1017	10370
1018	9921
1019	9952
1020	9712
1021	9640
1022	9716
1023	9837
1024	9765
1025	9548
1026	9648
1027	9591
1028	10011
1029	9939
1030	9798
1031	9696
1032	10052
1033	10218
1034	10491
1035	9948
1036	9762
1037	9555
1038	9690
1039	9591
1040	10098
1041	9234
1042	9566
1043	9760
1044	9446
1045	9275
1046	9480
1047	9145
1048	9371
1049	9616
1050	9450
1051	9618
1052	9615
1053	9209
1054	9500
1055	8985
1056	8964
1057	9562
1058	9644
1059	9612
1060	10015
1061	9596
1062	9979
1063	9565
1064	10415
1065	9485
1066	9407
1067	10142
1068	9321
1069	9958
1070	9463
1071	10225
1072	9530
1073	9206
1074	9319
1075	9343
1076	9657
1077	9732
1078	9646
1079	9659
1080	9467
1081	9573
1082	9516
1083	9461
1084	9673
1085	9592
1086	9594
1087	9529
1088	9467
1089	9538
1090	9600
1091	9561
1092	9459
1093	9479
1094	9384
1095	9146
1096	9146
1097	9154
1098	9290
1099	9391
1100	9529
1101	9807
1102	9707
1103	9580
1104	9551
1105	9666
1106	9166
1107	9079
1108	9183
1109	9045
1110	9240
1111	9087
1112	9222
1113	9098
1114	9228
1115	9185
1116	9210
1117	8872
1118	8479
1119	8436
1120	9086
1121	8518
1122	8565
1123	8762
1124	9080
1125	8873
1126	8769
1127	8900
1128	8538
1129	8654
1130	8740
1131	9004
1132	8615
1133	8731
1134	8770
1135	8753
1136	8818
1137	8820
1138	8807
1139	8819
1140	8708
1141	8651
1142	8809
1143	8799
1144	8606
1145	8676
1146	8990
1147	8857
1148	8908
1149	8619
1150	8385
1151	8392
1152	9079
1153	8811
1154	8912
1155	8753
1156	8968
1157	8651
1158	9079
1159	8672
1160	9078
1161	9027
1162	9080
1163	9137
1164	9229
1165	9123
1166	9284
1167	9378
1168	9342
1169	8938
1170	9246
1171	9363
1172	9251
1173	9225
1174	9109
1175	8835
1176	9033
1177	9236
1178	9094
1179	8817
1180	9079
1181	8862
1182	9138
1183	9182
1184	9193
1185	8905
1186	9288
1187	9365
1188	8873
1189	9220
1190	9180
1191	9233
1192	9070
1193	9313
1194	9124
1195	9028
1196	9127
1197	9388
1198	9049
1199	8915
1200	8551
1201	8717
1202	8940
1203	8938
1204	9190
1205	9240
1206	9072
1207	9234
1208	9358
1209	8786
1210	9097
1211	9120
1212	8670
1213	8975
1214	8611
1215	8406
1216	8590
1217	8864
1218	8610
1219	8604
1220	8599
1221	8522
1222	8398
1223	8643
1224	8488
1225	8360
1226	8269
1227	8362
1228	8634
1229	8500
1230	8563
1231	8354
1232	8709
1233	8744
1234	8712
1235	8666
1236	8402
1237	8664
1238	8634
1239	8744
1240	8717
1241	8414
1242	8505
1243	8960
1244	8467
1245	8796
1246	8420
1247	8770
1248	8855
1249	8806
1250	8462
1251	8440
1252	8881
1253	8923
1254	8431
1255	8435
1256	8579
1257	8152
1258	8359
1259	8421
1260	8278
1261	8177
1262	8605
1263	8300
1264	8239
1265	8094
1266	8185
1267	8210
1268	7918
1269	8034
1270	8164
1271	8065
1272	8313
1273	7855
1274	7799
1275	7959
1276	8376
1277	8284
1278	7905
1279	7901
1280	8040
1281	7924
1282	8097
1283	7664
1284	8028
1285	7970
1286	8070
1287	8017
1288	8018
1289	7784
1290	7973
1291	7880
1292	7964
1293	7910
1294	7584
1295	7556
1296	7747
1297	8128
1298	8239
1299	7997
1300	7664
1301	7831
1302	7822
1303	7854
1304	7912
1305	7438
1306	8160
1307	7935
1308	7980
1309	7802
1310	7870
1311	7668
1312	7920
1313	8129
1314	7834
1315	8027
1316	7628
1317	7612
1318	7885
1319	7869
1320	7739
1321	7809
1322	7741
1323	7359
1324	7792
1325	7943
1326	7686
1327	20032
1328	13800
1329	20330
1330	21396
1331	28819
1332	32420
1333	37754
1334	23627
1335	13908
1336	18327
1337	12204
1338	11526
1339	11908
1340	11147
1341	12872
1342	12125
1343	14096
1344	15385
1345	13409
1346	23251
1347	15477
1348	13696
1349	21525
1350	13852
1351	13233
1352	14270
1353	15456
1354	14547
1355	20317
1356	17419
1357	15852
1358	18789
1359	13482
1360	13852
1361	15093
1362	11892
1363	12191
1364	13320
1365	12639
1366	14362
1367	14838
1368	12591
1369	12487
1370	13604
1371	12748
1372	14105
1373	13544
1374	13491
1375	16366
1376	18419
1377	14570
1378	14781
1379	15429
1380	13411
1381	12570
1382	15147
1383	17436
1384	15780
1385	27189
1386	15389
1387	13598
1388	14514
1389	11346
1390	12284
1391	10372
1392	12131
1393	11132
1394	12682
1395	12686
1396	11886
1397	15270
1398	10379
1399	9577
1400	8840
1401	9633
1402	9438
1403	9445
1404	9958
1405	10612
1406	9950
1407	9427
1408	9831
1409	8742
1410	8539
1411	8780
1412	8297
1413	8381
1414	8022
1415	9256
1416	8766
1417	8692
1418	9004
1419	8642
1420	9076
1421	8281
1422	8023
1423	8835
1424	7910
1425	9220
1426	7673
1427	7905
1428	7646
1429	7645
1430	7846
1431	8365
1432	7705
1433	8263
1434	7376
1435	7439
1436	7239
1437	7268
1438	7379
1439	7830
1440	7691
1441	8266
1442	7384
1443	6983
1444	6919
1445	7143
1446	6785
1447	6824
1448	6904
1449	6833
1450	6800
1451	6942
1452	6711
1453	6778
1454	6720
1455	6844
1456	6712
1457	6895
1458	6642
1459	6736
1460	6682
1461	6709
1462	6943
1463	7022
1464	6580
1465	6837
1466	7073
1467	6663
1468	6852
1469	6708
1470	6971
1471	6685
1472	6875
1473	6792
1474	6836
1475	6930
1476	7102
1477	6999
1478	6714
1479	6688
1480	6803
1481	6764
1482	6549
1483	6483
1484	6436
1485	6664
1486	6735
1487	6759
1488	6755
1489	6699
1490	6649
1491	6641
1492	6485
1493	6433
1494	6524
1495	6654
1496	6476
1497	6380
1498	6893
1499	6792
1500	6746
1501	6594
1502	6568
1503	6598
1504	6358
1505	6539
1506	6512
1507	6456
1508	6570
1509	6264
1510	6311
1511	6289
1512	6597
1513	6660
1514	6323
1515	6339
1516	6045
1517	6505
1518	6174
1519	6458
1520	6262
1521	6350
1522	6069
1523	6095
1524	6195
1525	6029
1526	6115
1527	6443
1528	6184
1529	6669
1530	6033
1531	5933
1532	6436
1533	6233
1534	6018
1535	6037
1536	6226
1537	6232
1538	6029
1539	5957
1540	6188
1541	5992
1542	6392
1543	6328
1544	6334
1545	6148
1546	6365
1547	6265
1548	6233
1549	6391
1550	6328
1551	6445
1552	6242
1553	6059
1554	6177
1555	6266
1556	6235
1557	6352
1558	6057
1559	6028
1560	5950
1561	6269
1562	6265
1563	6498
1564	6111
1565	6185
1566	6473
1567	6099
1568	6400
1569	6026
1570	6198
1571	6371
1572	6237
1573	6370
1574	6011
1575	6223
1576	5965
1577	6258
1578	6215
1579	6074
1580	6292
1581	6095
1582	6021
1583	5933
1584	6178
1585	6159
1586	6042
1587	6199
1588	6150
1589	5987
1590	6096
1591	5933
1592	6065
1593	6021
1594	6153
1595	5986
1596	5924
1597	5758
1598	5892
1599	5976
1600	5875
1601	5971
1602	5619
1603	5930
1604	6042
1605	5888
1606	5875
1607	5714
1608	5871
1609	5909
1610	5996
1611	5792
1612	5867
1613	5853
1614	6117
1615	6203
1616	6393
1617	6278
1618	6104
1619	5997
1620	6126
1621	6260
1622	6097
1623	6279
1624	6000
1625	6042
1626	6201
1627	6227
1628	6152
1629	6189
1630	6145
1631	6113
1632	6195
1633	6025
1634	6183
1635	6344
1636	6281
1637	6198
1638	6433
1639	6133
1640	6229
1641	6177
1642	6074
1643	6008
1644	6039
1645	6351
1646	6186
1647	6130
1648	6384
1649	6137
1650	6221
1651	6189
1652	6440
1653	6137
1654	6095
1655	5999
1656	6170
1657	6269
1658	6422
1659	6188
1660	6392
1661	6131
1662	6317
1663	6297
1664	6264
1665	6481
1666	6309
1667	6383
1668	6224
1669	6158
1670	6116
1671	6000
1672	6122
1673	6367
1674	6114
1675	6137
1676	6001
1677	6196
1678	6151
1679	6130
1680	6138
1681	6004
1682	5842
1683	6009
1684	6042
1685	5944
1686	6034
1687	5885
1688	6042
1689	5670
1690	5958
1691	5968
1692	5741
1693	5715
1694	5931
1695	5768
1696	5931
1697	5807
1698	5753
1699	6021
1700	5723
1701	5628
1702	5671
1703	5829
1704	5758
1705	5889
1706	5680
1707	5708
1708	5725
1709	5430
1710	5725
1711	5700
1712	5481
1713	5608
1714	5684
1715	5594
1716	5416
1717	5724
1718	5510
1719	5343
1720	5495
1721	5648
1722	5295
1723	5510
1724	5437
1725	5138
1726	5232
1727	5320
1728	5212
1729	5278
1730	5282
1731	5346
1732	5379
1733	5130
1734	5401
1735	5124
1736	5344
1737	5355
1738	5233
1739	5119
1740	5205
1741	5380
1742	5396
1743	5325
1744	5256
1745	5319
1746	5125
1747	5160
1748	5351
1749	5362
1750	5667
1751	5266
1752	5255
1753	5262
1754	5183
1755	5529
1756	5523
1757	5612
1758	5652
1759	5378
1760	6058
1761	5392
1762	5411
1763	5476
1764	5674
1765	6305
1766	6210
1767	5887
1768	6122
1769	5396
1770	6333
1771	6354
1772	5832
1773	6765
1774	6503
1775	6259
1776	6316
1777	5914
1778	6241
1779	6308
1780	7446
1781	7491
1782	6531
1783	6544
1784	6392
1785	6874
1786	7284
1787	6625
1788	6551
1789	7306
1790	6156
1791	6539
1792	6450
1793	7014
1794	8255
1795	7920
1796	7306
1797	6934
1798	6669
1799	7697
1800	7907
1801	8189
1802	9136
1803	7244
1804	9495
1805	7034
1806	7535
1807	8856
1808	9281
1809	10617
1810	10277
1811	9020
1812	9959
1813	7841
1814	9329
1815	8942
1816	8084
1817	8242
1818	8302
1819	7075
1820	7363
1821	8493
1822	11745
1823	10412
1824	12032
1825	9828
1826	6688
1827	7192
1828	7437
1829	6747
1830	7297
1831	7199
1832	6904
1833	8467
1834	7263
1835	8502
1836	7829
1837	8567
1838	7237
1839	7455
1840	7673
1841	8745
1842	7445
1843	9100
1844	7916
1845	7001
1846	7374
1847	6289
1848	7067
1849	6500
1850	6669
1851	6513
1852	6755
1853	6744
1854	8352
1855	8556
1856	11186
1857	8975
1858	7230
1859	6931
1860	6457
1861	7011
1862	8077
1863	11140
1864	13061
1865	12091
1866	17566
1867	7264
1868	6505
1869	7057
1870	7973
1871	7676
1872	8425
1873	6583
1874	6066
1875	6201
1876	6202
1877	5901
1878	6130
1879	6233
1880	6124
1881	6424
1882	5897
1883	5744
1884	5734
1885	6007
1886	5886
1887	5919
1888	6538
1889	5751
1890	6056
1891	5737
1892	5989
1893	5388
1894	6007
1895	5647
1896	6119
1897	5451
1898	5468
1899	5625
1900	5903
1901	5509
1902	5797
1903	5887
1904	5652
1905	5687
1906	5058
1907	4855
1908	5107
1909	5126
1910	5331
1911	5046
1912	4824
1913	4991
1914	4992
1915	5118
1916	5133
1917	5145
1918	5316
1919	5152
1920	4969
1921	4998
1922	5132
1923	4897
1924	5014
1925	4980
1926	4995
1927	4815
1928	5078
1929	4981
1930	5019
1931	4921
1932	4804
1933	5042
1934	5049
1935	4979
1936	4966
1937	5153
1938	5015
1939	4888
1940	4993
1941	4920
1942	4980
1943	4949
1944	4880
1945	5033
1946	5046
1947	4998
1948	4878
1949	4956
1950	5128
1951	5073
1952	5078
1953	5233
1954	4899
1955	4736
1956	5054
1957	4829
1958	4746
1959	4786
1960	5080
1961	4831
1962	4756
1963	4985
1964	4692
1965	4680
1966	4746
1967	4565
1968	4801
1969	4926
1970	4715
1971	4821
1972	4658
1973	4573
1974	4848
1975	4752
1976	4642
1977	4542
1978	4625
1979	4603
1980	4500
1981	4527
1982	4602
1983	4777
1984	4661
1985	4660
1986	4590
1987	4761
1988	4550
1989	4551
1990	4623
1991	4605
1992	4375
1993	4446
1994	4558
1995	4658
1996	4739
1997	4590
1998	4525
1999	4428
2000	4493
2001	4416
2002	4623
2003	4590
2004	4398
2005	4330
2006	4486
2007	4453
2008	4299
2009	4562
2010	4583
2011	4348
2012	4565
2013	4551
2014	4263
2015	4493
2016	4425
2017	4250
2018	4262
2019	4206
2020	4274
2021	4214
2022	4309
2023	4332
2024	4216
2025	4337
2026	4212
2027	4264
2028	4313
2029	4378
2030	4296
2031	4286
2032	4115
2033	4214
2034	4222
2035	4310
2036	4167
2037	4339
2038	4224
2039	4100
2040	4232
2041	4186
2042	4166
2043	4183
2044	4322
2045	4229
2046	4154
2047	4236
2048	4184
2049	4214
2050	4236
2051	4190
2052	4367
2053	4099
2054	4279
2055	4453
2056	4198
2057	4116
2058	4071
2059	4255
2060	4289
2061	4305
2062	4254
2063	4194
2064	4192
2065	4321
2066	4398
2067	4317
2068	4252
2069	4229
2070	4202
2071	4093
2072	4178
2073	4269
2074	4290
2075	4219
2076	4055
2077	4183
2078	4260
2079	4105
2080	4238
2081	4322
2082	4239
2083	4492
2084	4327
2085	4198
2086	4297
2087	4352
2088	4512
2089	4699
2090	4259
2091	4389
2092	4349
2093	4455
2094	4434
2095	4329
2096	4335
2097	4583
2098	4411
2099	4429
2100	4721
2101	4801
2102	4564
2103	4592
2104	4690
2105	4683
2106	4608
2107	4842
2108	4580
2109	4708
2110	4602
2111	4576
2112	4643
2113	4513
2114	4629
2115	4586
2116	4450
2117	4827
2118	4813
2119	4819
2120	4628
2121	4960
2122	4727
2123	4739
2124	4730
2125	4876
2126	4841
2127	4950
2128	4959
2129	4604
2130	4888
2131	4893
2132	4945
2133	4509
2134	4870
2135	4858
2136	4946
2137	5217
2138	4799
2139	4798
2140	4988
2141	5182
2142	4944
2143	5018
2144	4969
2145	4890
2146	4970
2147	5140
2148	5256
2149	5518
2150	5436
2151	5954
2152	5000
2153	5018
2154	5077
2155	5278
2156	4969
2157	4973
2158	4941
2159	4887
2160	5073
2161	5166
2162	5225
2163	5442
2164	4889
2165	5707
2166	5089
2167	5004
2168	5142
2169	5551
2170	5556
2171	5586
2172	5367
2173	5088
2174	4999
2175	5087
2176	5281
2177	4819
2178	4655
2179	4770
2180	4850
2181	4828
2182	4831
2183	4611
2184	4766
2185	4974
2186	4811
2187	4822
2188	4990
2189	5058
2190	5206
2191	5120
2192	5320
2193	5017
2194	4803
2195	4870
2196	5280
2197	5121
2198	5477
2199	5378
2200	4944
2201	4927
2202	5136
2203	5164
2204	5594
2205	5195
2206	4737
2207	4745
2208	4749
2209	4903
2210	4790
2211	4765
2212	4825
2213	5138
2214	5133
2215	4869
2216	4793
2217	4663
2218	4636
2219	4484
2220	4774
2221	4949
2222	5105
2223	4920
2224	4974
2225	4838
2226	4632
2227	4698
2228	4650
2229	4492
2230	4772
2231	4669
2232	4937
2233	4606
2234	4670
2235	4780
2236	4722
2237	4772
2238	4939
2239	4649
2240	5361
2241	4919
2242	5364
2243	5225
2244	4805
2245	4726
2246	4654
2247	4668
2248	4840
2249	4861
2250	5605
2251	5702
2252	6388
2253	5419
2254	5331
2255	4735
2256	4246
2257	4238
2258	4252
2259	4316
2260	4255
2261	4149
2262	4073
2263	4381
2264	4139
2265	4261
2266	4067
2267	4145
2268	4239
2269	4239
2270	4103
2271	4043
2272	4067
2273	4181
2274	4176
2275	4238
2276	4057
2277	3898
2278	3928
2279	3941
2280	4024
2281	3900
2282	3915
2283	3762
2284	3802
2285	3955
2286	3903
2287	3935
2288	3811
2289	3793
2290	3772
2291	3690
2292	3705
2293	3714
2294	3888
2295	3865
2296	3678
2297	3708
2298	3792
2299	4221
2300	3770
2301	3977
2302	4001
2303	4060
2304	4004
2305	4031
2306	3830
2307	3898
2308	4059
2309	3807
2310	3850
2311	3616
2312	3738
2313	3632
2314	3784
2315	3819
2316	3762
2317	3676
2318	3718
2319	3729
2320	3781
2321	3682
2322	3752
2323	3652
2324	3725
2325	3663
2326	3549
2327	3681
2328	3564
2329	3775
2330	3687
2331	3840
2332	3705
2333	3608
2334	3709
2335	3731
2336	3656
2337	3514
2338	3676
2339	3716
2340	3534
2341	3480
2342	3723
2343	3721
2344	3798
2345	3736
2346	3621
2347	3712
2348	3779
2349	3762
2350	3707
2351	3677
2352	3661
2353	3856
2354	3940
2355	3667
2356	3825
2357	3769
2358	3856
2359	3679
2360	3525
2361	3447
2362	3588
2363	3738
2364	3571
2365	3717
2366	3720
2367	3624
2368	3610
2369	3721
2370	3609
2371	3664
2372	3671
2373	3487
2374	3594
2375	3522
2376	3524
2377	3794
2378	3645
2379	3526
2380	3572
2381	3655
2382	3596
2383	3661
2384	3571
2385	3362
2386	3642
2387	3532
2388	3662
2389	3801
2390	3643
2391	3634
2392	3798
2393	3653
2394	3840
2395	3464
2396	3483
2397	3760
2398	3686
2399	3598
2400	3689
2401	3691
2402	3507
2403	3654
2404	3545
2405	3625
2406	3812
2407	3786
2408	3702
2409	3732
2410	3681
2411	3615
2412	3754
2413	3772
2414	3678
2415	3682
2416	3725
2417	3661
2418	3746
2419	3630
2420	3880
2421	3657
2422	3723
2423	3677
2424	3624
2425	3645
2426	3700
2427	3668
2428	3745
2429	3664
2430	3689
2431	3665
2432	3730
2433	3622
2434	3668
2435	3596
2436	3629
2437	3827
2438	3814
2439	3693
2440	3630
2441	3783
2442	3638
2443	3584
2444	3797
2445	3784
2446	3691
2447	3757
2448	3630
2449	3706
2450	3716
2451	3683
2452	3690
2453	3804
2454	3663
2455	3580
2456	3793
2457	3674
2458	3603
2459	3671
2460	3802
2461	3529
2462	3690
2463	3799
2464	3797
2465	3651
2466	3514
2467	3589
2468	3713
2469	3658
2470	3724
2471	3591
2472	3698
2473	3646
2474	3660
2475	3810
2476	3726
2477	3724
2478	3746
2479	3660
2480	3658
2481	3630
2482	3782
2483	3745
2484	3628
2485	3741
2486	3617
2487	3641
2488	3636
2489	4003
2490	3800
2491	3648
2492	3706
2493	3634
2494	3733
2495	3815
2496	3811
2497	3600
2498	3947
2499	3581
2500	3707
2501	3546
2502	3730
2503	3731
2504	3669
2505	3676
2506	3655
2507	3585
2508	3581
2509	3449
2510	3600
2511	3522
2512	3665
2513	3595
2514	3482
2515	3464
2516	3358
2517	3451
2518	3530
2519	3710
2520	3639
2521	3543
2522	3655
2523	3645
2524	3874
2525	3807
2526	3775
2527	3791
2528	3791
2529	3980
2530	3945
2531	3872
2532	3892
2533	3781
2534	3825
2535	3823
2536	3742
2537	3753
2538	3847
2539	3716
2540	3706
2541	3589
2542	3721
2543	3754
2544	3541
2545	3664
2546	3871
2547	4087
2548	3828
2549	3841
2550	3925
2551	3819
2552	3798
2553	3756
2554	3852
2555	3912
2556	3811
2557	3731
2558	3779
2559	3962
2560	4074
2561	4195
2562	4003
2563	4189
2564	4032
2565	3953
2566	3880
2567	3982
2568	4032
2569	4276
2570	4099
2571	3945
2572	3902
2573	3997
2574	4233
2575	4239
2576	4023
2577	3973
2578	4170
2579	3981
2580	4262
2581	4260
2582	4211
2583	4417
2584	4225
2585	4474
2586	4175
2587	4596
2588	4647
2589	4796
2590	5035
2591	5073
2592	4995
2593	4489
2594	4589
2595	4301
2596	4261
2597	4674
2598	4516
2599	4368
2600	4264
2601	3925
2602	4109
2603	3997
2604	4170
2605	4032
2606	3962
2607	3883
2608	3829
2609	3690
2610	3807
2611	4070
2612	3969
2613	4034
2614	3959
2615	3945
2616	4204
2617	4192
2618	4159
2619	3963
2620	3822
2621	4056
2622	4159
2623	3850
2624	3808
2625	3515
2626	3728
2627	3741
2628	3615
2629	3507
2630	3687
2631	3785
2632	3881
2633	3946
2634	3767
2635	3749
2636	3856
2637	3746
2638	3676
2639	3702
2640	3678
2641	3848
2642	3801
2643	3724
2644	3790
2645	3663
2646	3921
2647	4091
2648	3935
2649	4614
2650	3720
2651	3702
2652	3763
2653	3930
2654	3356
2655	3554
2656	3283
2657	3532
2658	3543
2659	3460
2660	3886
2661	3612
2662	3498
2663	3423
2664	3620
2665	3479
2666	3390
2667	3379
2668	3396
2669	3310
2670	3348
2671	3665
2672	3405
2673	3583
2674	3364
2675	3546
2676	3216
2677	3151
2678	3233
2679	3330
2680	3334
2681	3394
2682	3162
2683	3332
2684	3393
2685	3245
2686	3443
2687	3372
2688	3281
2689	3368
2690	3509
2691	3335
2692	3320
2693	3280
2694	3237
2695	3319