Insert_Size	DF_927_1_GFP_tdt	DF_927_1_GFP	DF_980_3_GFP_tdt	DF_980_3_GFP
0	NA	NA	NA	NA
1	NA	NA	NA	NA
54	7	1	2	7
55	8	4	4	13
56	4	4	3	8
57	17	6	5	22
58	23	6	22	30
59	19	6	36	39
60	22	13	23	27
61	26	8	19	40
62	49	21	34	59
63	38	20	33	51
64	54	31	60	74
65	44	23	32	62
66	63	31	59	55
67	96	69	84	100
68	101	50	69	104
69	94	58	60	110
70	96	59	91	149
71	170	93	181	204
72	208	123	254	243
73	164	126	163	231
74	277	194	293	351
75	216	159	239	328
76	324	244	333	386
77	344	280	421	438
78	425	252	401	462
79	398	285	448	536
80	528	365	521	638
81	708	472	700	787
82	669	447	691	754
83	577	428	619	743
84	619	427	659	715
85	620	460	692	815
86	823	596	872	993
87	822	617	840	1038
88	778	596	864	974
89	870	697	1052	1146
90	961	736	1039	1131
91	884	727	1119	1330
92	1191	957	1473	1581
93	1157	923	1381	1589
94	1210	930	1486	1716
95	1318	1015	1528	1727
96	1364	1035	1469	1677
97	1872	1662	2760	2787
98	1514	1281	1952	2054
99	1705	1431	2158	2404
100	183564	176375	189357	224120
101	198214	191521	207522	243519
102	229584	223236	253377	293629
103	234848	227410	255475	296031
104	240732	231723	265037	305568
105	243623	233200	267944	309169
106	244876	227653	265167	309739
107	246766	231463	267297	311443
108	248493	231334	269048	314148
109	246237	230591	267120	310470
110	249558	232808	275643	320462
111	250441	236558	280208	320277
112	253214	238151	278474	322736
113	255934	240756	281846	325596
114	255302	236992	277920	318661
115	249005	231582	270703	312315
116	246431	224897	264780	304287
117	241950	218849	261971	299553
118	242614	218609	261533	300995
119	237082	213487	253970	292318
120	236588	213042	252534	293070
121	238711	216271	257531	295352
122	238139	217939	256474	292335
123	238936	217891	255147	292578
124	237341	214889	253533	286861
125	234164	209763	249924	284807
126	230020	203183	244543	280434
127	225768	196416	235204	269470
128	222963	192920	232725	265533
129	223382	194953	235428	270324
130	218378	189491	229611	259684
131	217052	187551	225138	257346
132	220202	192091	231549	263548
133	217803	189481	226744	257330
134	216492	189350	226265	256853
135	213047	182938	218820	250274
136	209725	177576	213886	248641
137	205585	172981	205809	238224
138	200672	167494	202544	236225
139	197793	162633	196413	230355
140	196536	161172	193381	229744
141	194734	159939	193358	226123
142	197377	162229	195097	230275
143	195009	161504	196667	226299
144	193468	158028	188937	219663
145	191039	155582	186746	216810
146	192638	156715	186507	217903
147	187657	149197	179178	212467
148	190423	147767	180588	213513
149	189540	146664	176622	212167
150	308956	236778	271811	317169
151	306568	235060	267009	312109
152	305640	236149	267873	310428
153	302713	235423	266961	307600
154	302144	235169	265077	305473
155	297800	229861	259413	299284
156	291242	224232	254597	293787
157	284988	215605	245318	285526
158	276938	205000	234751	277820
159	270838	198644	225655	268823
160	265537	193548	219526	261977
161	261937	188644	217450	258251
162	259845	188869	214886	255353
163	259826	190285	216939	255884
164	258682	191131	216227	255457
165	254708	187775	212018	247760
166	251765	185828	209229	245259
167	244026	177047	201454	235959
168	236695	168913	194018	228058
169	230753	163415	188054	223119
170	225476	158848	182513	219203
171	223375	156250	181666	215724
172	222682	156257	179530	212866
173	220253	156353	179729	210923
174	219344	157355	180202	211913
175	217112	157116	176991	206578
176	214316	155172	177202	205578
177	212417	152497	171843	201450
178	206869	148107	170132	197001
179	201929	141464	160767	190031
180	194681	136861	156320	183455
181	192300	134367	153395	181868
182	188657	132455	151682	177495
183	190024	134032	153204	179281
184	190188	137651	156808	181168
185	189248	137766	156315	179807
186	185674	136962	154946	176397
187	183086	135173	150842	172823
188	178239	130298	147752	168641
189	174856	126527	143800	163868
190	170746	123034	141741	161380
191	167017	120817	138603	159432
192	163828	119068	135267	156163
193	163701	120804	137440	156790
194	164526	122007	137533	156434
195	163927	124717	139586	157379
196	163131	123996	139856	156465
197	161677	122863	139129	154719
198	158129	120191	136074	151631
199	155743	116994	132902	147913
200	151090	111536	130153	145122
201	147938	109665	126806	142270
202	146055	108916	127095	142361
203	143182	109112	125558	138119
204	142955	109235	125357	138057
205	144249	111354	127624	138520
206	143266	112433	127600	138281
207	143472	112653	127663	138181
208	141676	112319	126421	136609
209	138914	109116	123255	131881
210	136357	106933	121596	132114
211	132737	103061	118975	130280
212	129982	100361	115495	125324
213	127983	100834	115204	124205
214	127889	100808	115982	123003
215	127759	102029	115705	123771
216	127329	103094	117797	123668
217	127483	103713	118475	123833
218	127836	104457	117583	123107
219	124749	101710	116520	121555
220	121594	99508	112922	118202
221	120668	97115	110787	116259
222	119365	94279	108590	115699
223	115814	93332	107021	113821
224	114470	92683	107956	111157
225	114001	93000	108523	111617
226	114307	94231	108014	110904
227	116211	96421	110711	112954
228	116685	96949	110899	111977
229	115032	95339	110033	111159
230	113351	93780	108625	110077
231	110769	91150	105608	106843
232	109434	89691	104936	107079
233	106906	87615	101717	103735
234	105432	86106	100989	103110
235	105824	87724	100870	102942
236	105507	87204	102088	101778
237	106260	89928	104751	103719
238	107184	90182	105444	105111
239	107023	89833	103948	103606
240	106360	89697	103952	103821
241	104383	87427	102814	102084
242	101472	84810	99941	99023
243	99260	81884	97083	96492
244	98609	81261	95693	96717
245	98452	80809	96014	95568
246	97967	81823	97417	96859
247	98015	83436	98508	97126
248	99003	82835	98514	96177
249	97729	83560	97672	95218
250	98156	82115	96864	95322
251	96613	80500	95951	94321
252	94057	77309	93865	93074
253	93633	76680	93022	92791
254	91088	74721	89580	89694
255	89731	73571	88734	88134
256	90046	74531	88477	88503
257	90143	75055	89155	88729
258	90600	76282	91034	89716
259	90957	76248	91409	88815
260	91060	76323	91450	89067
261	90399	73704	89776	87777
262	88405	72036	88203	87906
263	87114	73166	88919	86963
264	85790	70021	84539	83577
265	84602	68883	84094	83041
266	84754	69026	83862	83445
267	84821	69079	83891	82684
268	84284	70393	85879	83048
269	84662	70492	85737	82986
270	83844	69948	85027	82113
271	84566	69004	83699	81169
272	83556	67733	82588	80456
273	81397	66742	82262	79539
274	79799	64703	79224	78064
275	79281	64115	78702	77513
276	76721	62955	77949	75018
277	76926	62681	76879	74795
278	78259	64258	78539	75713
279	78639	64198	78976	76232
280	78688	64639	80034	75700
281	77790	64169	78884	75684
282	76377	62151	77312	73494
283	75646	61210	75755	73510
284	74211	60570	74770	72085
285	73042	59242	75327	72526
286	73063	59163	74011	71825
287	72324	58605	74127	70661
288	72746	59098	74444	71996
289	72952	59676	74537	71287
290	72844	59391	75451	71308
291	73008	58880	74585	70844
292	71587	58635	73475	70433
293	70670	57325	72099	69467
294	69554	55829	69776	68070
295	69473	54525	70021	67229
296	68187	54861	69611	66785
297	69053	54834	69807	66605
298	68757	54542	70056	66750
299	68461	55221	69821	66376
300	68662	55528	71942	68702
301	68413	55645	71007	67159
302	67887	55609	71826	68958
303	68221	55209	72055	68690
304	66963	55289	70606	68409
305	66902	53625	69365	67339
306	66449	52602	69516	67290
307	65712	51885	68593	66915
308	65766	52506	69338	68351
309	65203	52568	69148	66889
310	65312	52891	71554	69794
311	66953	54831	72989	74972
312	64743	53221	70234	67057
313	64551	52724	68327	66402
314	65757	54208	72166	73032
315	63333	50200	68013	66023
316	63283	50450	68397	67385
317	63026	50408	67915	68431
318	63749	50694	70824	76812
319	62629	51855	68275	69609
320	62169	50151	67090	66740
321	65134	50646	72845	83050
322	62339	52453	69358	70214
323	61907	50874	68116	68609
324	61900	51799	68401	70373
325	60398	50149	67432	67908
326	60496	49021	66430	67853
327	60707	49695	67665	70843
328	61121	50428	68143	69352
329	61646	49466	70706	76958
330	60459	50593	68876	69545
331	61155	48179	66914	67997
332	59645	48942	67308	66165
333	60140	50242	68387	69015
334	59611	48749	67242	67777
335	60839	49608	71255	72623
336	58708	47665	66657	67352
337	59345	47744	67985	69158
338	58632	47317	66929	67447
339	59174	48838	67919	69068
340	59653	48237	67606	69877
341	59781	50302	70345	71585
342	59020	49344	69701	72894
343	60535	51764	72068	74409
344	60352	51500	72574	76518
345	57748	48022	67890	69646
346	58232	48675	69784	71428
347	58064	48525	68741	71794
348	56961	47134	66462	67788
349	56364	47263	67185	67090
350	57744	49557	69656	70314
351	57735	50513	70369	72550
352	56864	49011	68480	70694
353	57609	49097	70249	74283
354	56805	46831	68122	71492
355	55981	45605	65690	69326
356	55419	45651	66745	71330
357	56359	45948	67168	71674
358	57889	47969	72373	81295
359	55802	46074	67103	72911
360	55503	46811	68612	73343
361	55410	46430	66220	70669
362	54560	45514	66676	71951
363	54610	45152	66841	73991
364	53740	43144	64210	68910
365	53026	42467	63478	67649
366	52770	41853	61923	66535
367	50806	39988	58843	63837
368	51984	40489	61788	67283
369	51880	41376	62790	72119
370	51762	40841	61370	69325
371	50902	39416	59370	65666
372	50748	40019	60635	67436
373	52272	40988	63891	75157
374	49839	39592	59378	63028
375	49421	38719	57437	61084
376	48279	38227	56480	58631
377	48946	38358	56523	60992
378	47291	36454	54871	57396
379	47999	36486	55103	59300
380	47890	36104	55343	58881
381	47428	36010	54730	58041
382	46688	35452	54041	56756
383	46845	36494	54363	58759
384	46799	36974	54980	59728
385	46130	36007	54447	57156
386	45454	34847	52011	54385
387	45688	34739	52612	56624
388	46014	34917	52901	59748
389	44922	34579	51787	56307
390	45460	34192	51937	55909
391	46310	35600	53606	62312
392	44054	33836	51394	56268
393	44465	35463	52916	57519
394	45617	35265	53709	61924
395	43444	33642	49310	53218
396	43548	33779	49924	54030
397	43536	33164	50271	54072
398	43918	34691	52503	56812
399	43489	33327	49977	54395
400	42706	33293	49763	55281
401	42399	33672	50104	54512
402	42866	33683	51573	57567
403	42123	32064	49501	52450
404	41412	31519	48811	52675
405	41501	31149	47872	50020
406	42086	32694	49493	52303
407	41247	31002	48200	52088
408	42680	33122	51448	55606
409	41689	32701	50138	54996
410	41413	32273	49525	53621
411	40921	30935	47710	51942
412	40232	30415	47693	50768
413	41274	32242	50012	55718
414	40018	31096	48012	52059
415	39193	30398	46512	50359
416	39807	29775	46210	49798
417	38094	28356	44273	46546
418	37702	27596	43145	45802
419	38166	28521	44378	45200
420	37590	28199	44399	46198
421	37251	28283	44443	45956
422	36770	27346	42014	43898
423	37319	27301	42987	44961
424	36673	27283	43325	45540
425	36602	27430	42318	45055
426	37038	27715	43035	44444
427	36211	27441	43268	43100
428	36327	27343	42807	44840
429	36139	27440	42418	42805
430	35358	26212	41709	41938
431	36551	29227	42972	46057
432	35773	27805	43177	44090
433	35658	27213	42367	43198
434	36717	28783	45647	44630
435	35046	28639	43214	44265
436	35306	28549	42941	44230
437	39404	34819	52738	65264
438	37891	32124	49621	59314
439	36974	30579	46930	52746
440	36501	31835	47198	53177
441	37085	32357	49857	55228
442	36670	31704	48501	56204
443	37248	33669	49809	55566
444	36994	32793	49213	56165
445	37839	34154	51511	61405
446	42450	41974	64396	78022
447	38324	34880	54306	65459
448	37332	34156	51642	59008
449	37409	34179	51069	63548
450	37371	32923	49696	60587
451	35742	31468	47930	54052
452	36429	32473	49676	63605
453	36439	31322	49538	60369
454	34890	29764	46351	51273
455	36428	31523	50291	61427
456	36461	31556	51408	63434
457	35429	30051	47260	57485
458	36095	31183	49416	62026
459	35832	30187	47620	56917
460	35408	30144	48575	55347
461	34208	28614	45661	53115
462	36109	30803	50915	59711
463	35145	29963	47887	57058
464	35406	30726	48405	59138
465	36383	32020	51064	60869
466	34406	29315	47325	56516
467	36342	31226	51650	62039
468	37404	32565	53204	66575
469	35509	30332	50104	62217
470	35450	30917	50384	63549
471	34931	30598	49429	61155
472	33630	28883	46648	57847
473	34211	28726	48095	59954
474	33730	27973	47316	58040
475	35172	30177	49231	63692
476	34541	29926	48099	62781
477	33694	28544	46517	60217
478	34571	30168	48081	67793
479	37837	35412	55437	85893
480	33034	28579	45382	60777
481	32976	27802	45505	55159
482	33276	27692	45244	54944
483	32642	27484	44739	54398
484	33072	28283	45361	57759
485	33643	30799	46732	59910
486	34131	31952	47779	60680
487	32321	26874	43371	54139
488	33910	29005	47057	61613
489	34420	30984	49129	63447
490	35477	32953	50906	66071
491	36729	34971	54555	73872
492	34008	31423	49676	64722
493	32184	28129	45559	57333
494	33232	29616	47222	64965
495	32671	28742	45342	58349
496	31383	28330	43760	55740
497	33129	29695	46604	62652
498	32559	28807	46126	60623
499	31590	26724	42054	56085
500	34562	30049	50218	63663
501	31245	25934	41923	54217
502	30853	26887	42458	54077
503	32084	28348	44805	60205
504	30526	26208	42222	53592
505	30588	24579	39965	49886
506	30325	24612	40170	51033
507	29518	23880	38540	49702
508	30362	24842	40802	51905
509	30488	25386	41432	57233
510	30341	26635	41651	56800
511	29784	25904	41121	53483
512	28685	23119	37814	47415
513	28502	23006	37529	46488
514	27327	21509	35517	42843
515	28457	22452	35998	46256
516	28081	22906	36567	45423
517	29153	25651	38215	52669
518	28304	23301	36959	48772
519	27024	21615	34475	43562
520	28036	23702	37030	49128
521	28268	24580	38722	51450
522	26527	20617	33636	41877
523	26546	21668	34578	43568
524	26826	21894	33989	43312
525	26043	20990	32776	40392
526	26570	21483	34207	42773
527	27264	23919	35846	46784
528	27206	22150	35366	43013
529	25811	19437	31646	38359
530	25740	20036	32750	40499
531	26241	22348	33702	42220
532	26546	23032	34672	44217
533	25884	21863	33221	42331
534	25441	20087	32312	39306
535	24259	18345	29899	35448
536	25835	19470	32381	39483
537	24217	19042	30723	35917
538	24577	19736	31392	36956
539	24274	18421	30004	36150
540	24246	19058	30837	38884
541	24271	19243	30736	37252
542	23341	17378	28973	34980
543	23735	18765	30505	35694
544	24218	18434	30420	35613
545	23805	18974	30794	36371
546	22855	16922	28404	32178
547	22700	17378	28958	32633
548	22450	17162	28488	32908
549	23678	18171	30231	34717
550	23668	18352	29564	36683
551	24669	20388	32993	41684
552	23336	20088	31354	36321
553	23267	19059	30445	35044
554	22144	17180	28037	31202
555	22336	17597	28202	32322
556	22178	16961	27809	32569
557	22857	18269	29171	33289
558	22615	18157	29278	33510
559	24873	21764	33936	40155
560	21980	17234	27527	31141
561	21649	17196	26907	30333
562	21388	16459	26638	29403
563	21151	16275	26667	29996
564	21811	17777	28112	31929
565	22880	18552	29337	33568
566	21883	17040	27873	31559
567	20694	16302	26028	28412
568	20698	15807	25445	27436
569	20660	15597	24896	27097
570	20386	15610	25547	27544
571	20773	15850	26052	28488
572	20732	16312	26174	29084
573	21178	16807	27282	30817
574	22469	18742	30321	33225
575	20586	16063	26067	27938
576	20258	15964	25324	27640
577	20156	14859	24722	26685
578	19892	15854	25383	27577
579	20672	15109	24588	27452
580	20264	15546	25421	28037
581	20513	15707	25273	28552
582	20887	16411	27181	29558
583	20466	15095	25673	27193
584	19359	14564	24055	26072
585	19285	14564	23051	24864
586	18948	14503	23294	24360
587	18736	14526	23549	25299
588	19309	14674	24345	26147
589	18862	13949	23273	25563
590	19392	14444	23117	25654
591	19021	14035	23228	25473
592	18816	13623	22541	24106
593	18900	13783	22751	23644
594	18561	13655	22750	23982
595	18217	13534	21826	23470
596	17987	13226	21913	23247
597	17867	13001	21477	23336
598	18118	13055	21556	23334
599	18471	13002	21650	23614
600	18187	13169	21735	23417
601	18432	13032	22108	23315
602	18011	13049	21409	22453
603	17803	13238	21572	22674
604	18180	13311	21361	22988
605	17976	13178	21004	22679
606	18106	13044	21612	22481
607	18374	13497	22174	24183
608	17733	12835	21614	22752
609	17227	12850	21140	21987
610	17698	12964	20775	22579
611	17593	12590	20420	21955
612	17453	12913	20765	22205
613	17104	12744	20495	21823
614	16411	12188	19685	21029
615	16954	12639	19789	21096
616	17150	12650	20038	21516
617	16740	12255	19494	21042
618	16798	12529	19909	21289
619	16975	12662	19588	21094
620	16744	12458	19321	20506
621	16640	12262	19650	21030
622	16269	12482	19039	20165
623	16253	12116	18463	19495
624	15855	11804	18427	19256
625	15959	11977	18607	19340
626	15995	12071	18318	19381
627	15855	12017	18326	19534
628	16265	12229	18463	19336
629	16033	11976	18780	19176
630	16055	12007	18903	19437
631	16503	12425	19113	19495
632	16270	12553	19090	19779
633	15854	12662	18922	19091
634	15765	12196	18644	18962
635	15626	11994	18484	19244
636	16103	12939	19094	19952
637	16251	12729	18997	20064
638	16017	12528	18823	19082
639	16150	12774	19312	19716
640	16017	12961	18843	19508
641	16077	12714	19565	20039
642	16066	13186	20044	19905
643	15923	12675	19325	19719
644	15816	12496	19148	19647
645	15332	12097	18502	18955
646	15433	12267	18518	19268
647	15832	12730	18864	19648
648	15634	12706	18977	19842
649	15538	12070	17785	18368
650	15647	13219	18799	19390
651	15387	12851	18820	18846
652	15156	12127	18105	18792
653	15105	11969	18115	19056
654	15431	12490	18386	18841
655	15007	12281	17988	18596
656	15203	12563	18039	18450
657	15063	12007	18118	18701
658	14486	11991	17377	18171
659	14425	11645	17338	17987
660	14542	11625	17205	18514
661	14632	11900	18087	18142
662	14840	11430	17923	18547
663	14854	11769	17614	18256
664	14479	11475	17267	17985
665	14839	11579	17603	17818
666	14561	11458	17512	17741
667	14262	11309	17076	17484
668	14520	11925	17303	17877
669	14634	11719	17470	18181
670	14585	11624	17733	18728
671	14704	12011	18051	19022
672	14623	11629	17320	18426
673	14099	11713	17272	18105
674	14632	11581	17605	18264
675	14680	11834	17601	17945
676	14399	11822	17503	18198
677	14262	11701	17052	18039
678	14210	11226	16462	17696
679	14105	11111	16466	17539
680	14049	11376	16688	17498
681	14499	11369	16670	17625
682	14308	11590	17428	17767
683	14334	11182	17081	17935
684	14605	11622	17058	17947
685	13835	11002	16678	17633
686	13888	11047	16514	17200
687	13502	11065	16466	17459
688	14271	11995	17660	18332
689	14888	13803	19406	19902
690	14851	15166	20688	20611
691	14902	15679	20146	20551
692	14917	15777	19536	20482
693	14782	16356	20113	20478
694	14484	13812	18229	18808
695	14964	15096	19637	20381
696	15082	16947	20658	21276
697	14286	15601	19640	20176
698	14470	16124	19487	20391
699	15050	17997	21423	22033
700	14725	15832	20549	21268
701	14597	15584	19625	21094
702	14527	16775	19721	21251
703	14025	15879	19323	20325
704	14246	15315	19298	20567
705	14511	15147	19412	21026
706	14506	14516	19194	21185
707	14244	14760	19168	21403
708	14358	14450	18591	20846
709	14547	13977	19340	21502
710	14396	14565	20113	22334
711	14821	14007	20439	22316
712	13997	13486	19368	20809
713	13970	13886	19195	21279
714	14010	13929	19062	20751
715	15507	15177	22026	24797
716	15211	15230	21885	24112
717	14038	13410	19292	21430
718	14663	14457	20160	22033
719	13537	12492	17763	19743
720	13688	12948	18338	20366
721	14722	14488	19996	21740
722	14526	14461	20166	22671
723	14562	14269	20129	22441
724	13515	13910	18977	21625
725	15552	14360	22845	27548
726	14352	14201	20238	22695
727	13914	12954	19547	21794
728	13517	12991	18619	20756
729	14099	13470	19170	22046
730	13882	12959	18841	21608
731	14299	13959	20353	23281
732	14774	14782	21277	24194
733	15342	14947	21956	25237
734	14210	14069	19854	22905
735	14639	15506	21185	24908
736	14769	14236	20606	24315
737	14137	14612	19835	23987
738	14439	15233	20352	24721
739	14725	15545	21417	26390
740	14811	15091	21114	25851
741	14195	14811	20500	24433
742	13732	13104	19015	22605
743	14091	14232	19259	23695
744	13466	13825	18942	22849
745	14252	14316	20058	24851
746	14650	14699	21085	26422
747	14593	14527	20825	26304
748	14677	14587	20956	26590
749	14844	15157	21353	28254
750	14415	14709	20385	27147
751	14916	14802	21326	28353
752	15269	15756	22069	31024
753	14938	15142	21506	29816
754	15189	15255	22174	30163
755	15060	16278	22470	32041
756	14898	15006	21840	29932
757	14336	13842	20131	26973
758	15575	15329	23102	32078
759	14897	14074	21748	28390
760	13932	13816	20779	27778
761	14142	14091	20586	28470
762	14214	13367	20564	28118
763	14046	13573	20599	28311
764	13489	12245	18639	24775
765	13690	12847	19390	26446
766	13181	12564	18794	25254
767	13100	11996	18470	22810
768	13581	12625	19485	26084
769	13793	12530	19720	25132
770	14037	12853	19743	25566
771	13236	12340	19437	24215
772	13348	12123	19069	23656
773	13817	13240	20351	26189
774	13762	12771	20033	25814
775	13092	12626	19093	25167
776	13265	12849	19108	24114
777	13058	12890	18891	24035
778	12909	12208	19425	24957
779	13602	12763	19619	25188
780	13157	12468	19122	23426
781	13361	13225	20322	24596
782	13490	13229	19889	24454
783	13607	14178	20107	25538
784	13950	14946	21031	27227
785	13436	14382	19923	26270
786	12997	13494	18721	24179
787	13257	14758	19519	25007
788	13411	13021	20009	24483
789	13424	12813	19660	23660
790	13320	13504	20006	25209
791	13402	13737	20093	24623
792	12868	13827	19520	23335
793	12882	13638	18566	23310
794	13125	12744	19070	23101
795	12769	12467	18832	22336
796	12645	12279	19008	22648
797	12571	12280	18332	21852
798	13734	14359	20826	24750
799	13599	13154	20990	24095
800	12513	12258	18389	22345
801	12670	12419	18686	21572
802	12370	12092	18174	21544
803	12468	11360	18471	21301
804	12794	11903	18481	22261
805	13351	13651	21522	24377
806	13410	13539	21387	24281
807	12669	13164	19620	22642
808	12742	13167	19686	22688
809	13150	13455	20081	22833
810	12942	13018	20530	23741
811	12765	12310	19346	21813
812	12726	12923	19458	22172
813	12579	13218	19526	22108
814	13104	12823	20215	22442
815	12226	12763	18948	22022
816	12910	13318	20059	22846
817	12790	12697	19878	21952
818	12964	12625	19704	22496
819	12754	12412	19732	22353
820	12606	11850	19015	22771
821	12950	12021	19815	22434
822	12425	11602	18278	21455
823	12284	11176	18209	20888
824	12204	12010	18857	21667
825	12460	12183	19909	22134
826	12640	12846	19381	22938
827	12433	11852	19088	21689
828	12255	12401	19131	21719
829	12270	11506	18079	20785
830	12239	11382	18663	20857
831	12196	11486	18647	21251
832	13032	11997	20352	22542
833	13001	11628	19758	22173
834	12006	11376	18209	20627
835	12230	11119	18794	21359
836	12562	11337	19450	22667
837	12553	11563	19731	22588
838	12524	11649	18848	21925
839	13184	12324	20557	23618
840	12628	11395	19660	22431
841	12841	11668	19544	22483
842	13251	12563	21625	24474
843	13719	12883	21911	24756
844	12421	11555	19228	22236
845	12700	11512	19406	22562
846	13020	11570	19571	22855
847	14144	13452	22069	24397
848	13301	12444	20954	22781
849	13234	12293	21061	22530
850	13224	12614	20677	22675
851	13199	12490	21153	24226
852	13020	12531	20367	22640
853	13451	12457	21456	23645
854	13221	13134	21614	23011
855	13388	13227	21305	23407
856	13522	13013	21885	24495
857	14038	13592	22804	25063
858	13232	12476	21023	23958
859	12696	11714	19462	22228
860	12800	12202	20458	22283
861	13577	12924	21422	22847
862	13294	12782	20763	22527
863	14004	13049	22024	23886
864	14345	13690	23653	25493
865	14456	14244	24305	26028
866	14429	13561	23129	25008
867	14465	13535	23757	25731
868	13451	12436	21321	23059
869	12514	11938	19666	21851
870	12843	11911	19539	21356
871	12477	11723	19308	21311
872	13687	12777	21980	23687
873	12693	11437	19254	21865
874	12811	11872	19629	21928
875	13265	12336	20954	23151
876	12418	11693	18913	20779
877	12168	11501	18621	21742
878	12666	11621	19422	21828
879	12482	11352	18600	21182
880	12142	11183	18274	20793
881	12345	10727	18451	21068
882	12256	10929	17295	20377
883	12398	11264	18578	21094
884	12088	10923	18012	20478
885	11904	10957	17283	20318
886	11637	10570	16781	19275
887	11906	10718	17327	19797
888	11735	10678	17434	19875
889	11979	10328	17108	19571
890	12097	10807	17110	19346
891	11778	10022	16622	19015
892	11863	10641	17097	19736
893	11719	10766	16916	19001
894	11629	10306	16849	19111
895	12468	11175	17908	20530
896	11947	10734	17123	19279
897	12122	10645	17237	19502
898	11569	10399	16706	19581
899	12055	11029	17428	19331
900	11875	10645	17200	19799
901	11824	10774	17074	19383
902	11884	10620	17160	19682
903	11593	10670	16721	19209
904	11428	10128	16335	18696
905	11993	10753	17129	18878
906	11423	10387	16391	17929
907	11187	10045	16529	18650
908	11425	10484	17007	18934
909	11806	10596	17028	19587
910	12107	11030	17510	20075
911	11507	10254	16627	19455
912	11590	10003	16517	18266
913	11460	10807	16588	18043
914	11203	10307	16415	17692
915	11022	10112	15668	17686
916	11556	10070	16489	18119
917	11558	10144	16967	18739
918	11119	9922	15364	17377
919	11251	10091	15870	17463
920	11459	10137	15593	17825
921	11108	10013	16060	18270
922	10824	9625	15227	16460
923	10654	9177	14319	16180
924	10513	9669	15160	15994
925	10573	9509	14935	16554
926	10992	9342	15280	16416
927	11263	10136	16085	17584
928	11193	9294	15380	16416
929	10801	9460	15028	16765
930	11119	9310	14982	17152
931	10916	10066	15671	17101
932	10593	9628	14942	16069
933	10725	9570	15226	16198
934	10555	9507	14751	15998
935	10513	9094	14241	15990
936	10354	9211	14259	16175
937	10705	9698	15136	16157
938	11403	10423	16536	18049
939	10536	9439	14845	15943
940	10691	9422	14657	15695
941	10407	9452	14953	15718
942	10545	9123	14288	15885
943	10468	9085	13769	15290
944	10673	9048	13937	15682
945	10480	9282	14820	15695
946	10380	9541	14402	15648
947	10455	9636	14694	15729
948	10295	9275	14339	15631
949	10195	9246	14174	15366
950	10413	9192	14576	15856
951	10476	9146	14551	15381
952	10413	9157	14078	15278
953	9985	9134	14369	15053
954	9838	8819	13582	14937
955	10062	8550	13395	14580
956	9987	8793	13430	14625
957	10041	8917	13468	14515
958	10244	8718	13710	14212
959	9791	8559	13727	14844
960	9766	8384	13268	13709
961	9969	8795	14056	14581
962	9903	8573	13021	14413
963	9943	8566	13173	14120
964	10139	8876	14034	14560
965	10009	8969	13740	14164
966	9983	8915	13172	14155
967	9974	8646	13360	14363
968	9805	8991	13995	14679
969	10066	9156	14501	14624
970	9545	8386	13390	14171
971	9678	8578	12580	13146
972	9745	8506	12924	13365
973	9824	8416	13389	14157
974	9596	8657	12973	13724
975	9671	8617	12887	13417
976	9768	8599	13294	13993
977	9231	8432	12292	12966
978	9259	8124	12390	12697
979	9318	8002	12095	12530
980	9479	8057	12165	12856
981	9326	8464	12527	13324
982	9350	8172	12368	13483
983	9724	8370	12855	13673
984	9185	8234	12624	12857
985	9245	8063	12356	12773
986	9575	8208	13025	13444
987	9528	8321	12871	13546
988	9754	8340	12740	13402
989	9223	7977	12172	12735
990	9484	8134	12715	13473
991	9548	8134	12584	13187
992	9325	8103	12664	13512
993	9391	8362	12697	13369
994	9808	8455	13459	14148
995	9298	8315	12730	13365
996	9897	8891	13266	13983
997	9536	8564	13215	13813
998	10058	9113	14225	14951
999	9864	8528	13762	14351
1000	9435	8169	12688	13748
1001	9819	8618	13319	13837
1002	10187	9247	14060	15055
1003	10456	9632	14658	15397
1004	9807	9170	13670	14467
1005	9857	9021	13508	14351
1006	9985	8937	13750	14159
1007	10129	8844	13500	14282
1008	9724	8902	13624	14167
1009	9971	9178	14164	14878
1010	9715	8935	13513	14476
1011	9708	8596	13379	14482
1012	9874	9182	13899	14767
1013	10560	8867	14031	15071
1014	9771	8348	13186	14683
1015	9735	8170	13372	14705
1016	10039	8588	13713	14961
1017	10370	9278	14401	16387
1018	9921	8751	13731	15899
1019	9952	8528	13120	14545
1020	9712	8372	13697	15377
1021	9640	8273	12750	14290
1022	9716	8168	13349	15296
1023	9837	8287	13138	14915
1024	9765	8120	12623	14549
1025	9548	8289	13127	15237
1026	9648	8326	12585	14471
1027	9591	8487	12571	14248
1028	10011	8665	12943	14962
1029	9939	8436	13228	14520
1030	9798	8418	13059	14442
1031	9696	8433	12851	14169
1032	10052	8342	13241	14168
1033	10218	8550	13759	15415
1034	10491	8986	14516	15900
1035	9948	8819	13181	14626
1036	9762	8497	12551	13773
1037	9555	8809	12695	13744
1038	9690	8676	12671	13453
1039	9591	8463	12521	13445
1040	10098	9100	14051	14711
1041	9234	8158	11937	12557
1042	9566	8355	12506	13494
1043	9760	8502	12838	13592
1044	9446	8419	12859	13810
1045	9275	8242	11710	12812
1046	9480	8228	11916	13143
1047	9145	8325	11941	12512
1048	9371	8594	12489	13208
1049	9616	9334	12625	13593
1050	9450	9159	12683	13693
1051	9618	9077	12682	13787
1052	9615	9483	13236	14119
1053	9209	8588	12699	12931
1054	9500	8569	12439	13253
1055	8985	8372	12154	12824
1056	8964	8063	11785	12369
1057	9562	8426	12615	13290
1058	9644	8589	12761	13764
1059	9612	8745	12955	13979
1060	10015	9710	13955	14440
1061	9596	8959	12744	14053
1062	9979	9984	13707	14248
1063	9565	9260	13100	13538
1064	10415	10939	14611	15729
1065	9485	9053	13063	13751
1066	9407	8584	12270	13095
1067	10142	9820	14159	14968
1068	9321	8804	12828	13661
1069	9958	10658	14176	14765
1070	9463	9715	13238	14186
1071	10225	11093	15153	16066
1072	9530	9011	12930	13615
1073	9206	8696	11981	12919
1074	9319	8743	12167	13432
1075	9343	8841	11933	13184
1076	9657	8934	12625	13805
1077	9732	9145	12978	14154
1078	9646	9378	13213	14352
1079	9659	8856	12700	13731
1080	9467	8651	11963	12754
1081	9573	8620	12674	13664
1082	9516	8577	12491	13150
1083	9461	8812	12155	13524
1084	9673	8893	12722	13990
1085	9592	8716	12424	13542
1086	9594	8796	12498	13202
1087	9529	9140	12293	13117
1088	9467	8602	12653	13480
1089	9538	8543	12654	13600
1090	9600	8723	12367	13623
1091	9561	8433	12442	13190
1092	9459	8291	11902	12472
1093	9479	8378	12284	12937
1094	9384	8319	12103	13120
1095	9146	8159	11713	12634
1096	9146	8106	11613	12397
1097	9154	8220	11806	12609
1098	9290	8139	11607	12731
1099	9391	8742	11627	12358
1100	9529	8515	12632	13354
1101	9807	9046	13015	13934
1102	9707	8811	12786	13367
1103	9580	8883	12548	13253
1104	9551	8322	12258	13335
1105	9666	8329	12579	13332
1106	9166	8259	12065	13178
1107	9079	8301	11751	12769
1108	9183	8508	12001	12932
1109	9045	8266	11747	12729
1110	9240	8041	11641	12360
1111	9087	7990	11871	12558
1112	9222	8110	12165	12823
1113	9098	8445	11842	12270
1114	9228	8412	12379	12655
1115	9185	8083	12321	12606
1116	9210	7971	12707	12518
1117	8872	8066	12370	12948
1118	8479	7721	11443	12064
1119	8436	7489	11118	11860
1120	9086	7720	12113	13380
1121	8518	7666	11416	12233
1122	8565	7784	11750	12053
1123	8762	7786	11568	11887
1124	9080	7927	11920	12218
1125	8873	8141	11776	12108
1126	8769	7799	11554	12288
1127	8900	7488	11054	12037
1128	8538	7792	11393	12431
1129	8654	7520	11589	12049
1130	8740	7985	12108	12469
1131	9004	8415	14602	14807
1132	8615	7575	11774	12445
1133	8731	7903	11655	12244
1134	8770	7803	11728	11771
1135	8753	7805	11408	12096
1136	8818	7771	11615	11820
1137	8820	8207	12519	12201
1138	8807	8057	12380	12660
1139	8819	7872	11711	11931
1140	8708	7895	11489	11970
1141	8651	7697	11912	12161
1142	8809	7595	11539	12188
1143	8799	7736	11174	11853
1144	8606	7485	11598	11870
1145	8676	7793	12002	12186
1146	8990	7804	12209	12625
1147	8857	7859	12094	12426
1148	8908	7639	11971	12357
1149	8619	7573	11656	12072
1150	8385	7256	11023	11518
1151	8392	7558	11419	11970
1152	9079	8036	12660	13129
1153	8811	7841	11806	12501
1154	8912	8232	12192	12799
1155	8753	8301	11750	12468
1156	8968	8262	12295	13018
1157	8651	8185	11724	12677
1158	9079	9291	12925	13543
1159	8672	7775	11170	12251
1160	9078	8349	12419	13274
1161	9027	8883	12416	13392
1162	9080	9050	12696	13419
1163	9137	9174	13045	13913
1164	9229	9736	12664	13842
1165	9123	9240	12995	13847
1166	9284	9748	13583	14561
1167	9378	9394	13612	14165
1168	9342	10201	14265	14869
1169	8938	8556	12221	13034
1170	9246	8832	13783	13688
1171	9363	9403	13021	13954
1172	9251	8792	12505	13142
1173	9225	9464	13333	14257
1174	9109	8723	12725	13368
1175	8835	8297	12698	13342
1176	9033	8431	12964	13273
1177	9236	8338	13135	13559
1178	9094	8693	13367	14200
1179	8817	8408	12231	12877
1180	9079	8423	13073	13786
1181	8862	8444	12799	12937
1182	9138	8634	12922	13509
1183	9182	8430	12868	13584
1184	9193	8466	13189	13453
1185	8905	8659	12895	13880
1186	9288	8384	13068	13695
1187	9365	8771	13653	14680
1188	8873	8211	12696	13835
1189	9220	8713	13102	14218
1190	9180	8785	13091	14221
1191	9233	8846	14006	14669
1192	9070	8701	13744	14817
1193	9313	8711	13228	14820
1194	9124	8807	13579	14825
1195	9028	8710	13198	14601
1196	9127	8666	13265	14429
1197	9388	9159	13220	14974
1198	9049	8723	12926	14031
1199	8915	8484	12450	13672
1200	8551	8590	12317	13403
1201	8717	8474	12159	13445
1202	8940	8558	12443	13804
1203	8938	8956	13211	14342
1204	9190	9166	13674	14100
1205	9240	9286	13975	14630
1206	9072	8684	13436	14150
1207	9234	9125	13558	14255
1208	9358	8837	13957	14548
1209	8786	8904	13529	14011
1210	9097	8706	12999	13433
1211	9120	8572	13254	13883
1212	8670	8069	12081	12566
1213	8975	8458	12727	13522
1214	8611	7711	12252	13267
1215	8406	7980	12357	13666
1216	8590	7709	12073	13411
1217	8864	8101	12183	13551
1218	8610	7768	12329	13287
1219	8604	7905	12437	13528
1220	8599	8062	12274	13688
1221	8522	7704	12056	13242
1222	8398	7698	12000	13136
1223	8643	7992	12522	14322
1224	8488	7669	11985	13041
1225	8360	8003	12079	13861
1226	8269	7467	12133	13253
1227	8362	7555	11621	13013
1228	8634	7696	12529	13019
1229	8500	7280	11299	12638
1230	8563	7846	12212	13510
1231	8354	7826	12009	12966
1232	8709	7786	12049	13206
1233	8744	7890	12416	13408
1234	8712	7893	12564	13181
1235	8666	7601	12401	12981
1236	8402	7397	11870	12688
1237	8664	7959	12351	13093
1238	8634	7906	12396	12993
1239	8744	7724	12727	13048
1240	8717	7339	12599	12499
1241	8414	7480	12212	12660
1242	8505	7478	12354	13160
1243	8960	7594	12520	13016
1244	8467	7654	12469	13193
1245	8796	7994	12555	13365
1246	8420	7995	12478	13212
1247	8770	7999	12277	13168
1248	8855	8083	12307	13251
1249	8806	8223	12790	13544
1250	8462	8030	12373	13175
1251	8440	7948	12574	12698
1252	8881	7999	12612	13237
1253	8923	8136	12369	12670
1254	8431	7801	12559	12842
1255	8435	7963	12108	13203
1256	8579	8156	12261	12867
1257	8152	7556	11516	12256
1258	8359	7958	12145	12457
1259	8421	8294	12649	12326
1260	8278	7810	12066	12503
1261	8177	7819	11674	11960
1262	8605	7900	12163	12157
1263	8300	7532	11862	12185
1264	8239	7644	11972	12211
1265	8094	7629	11874	11739
1266	8185	7699	11463	12097
1267	8210	7216	11270	11524
1268	7918	7384	11063	11476
1269	8034	7375	11447	11681
1270	8164	6995	11450	11836
1271	8065	7448	11555	11921
1272	8313	7378	11866	12481
1273	7855	7119	11324	11582
1274	7799	7373	11255	11932
1275	7959	7176	11616	11836
1276	8376	7746	12342	12803
1277	8284	7384	11564	12070
1278	7905	6968	11462	12249
1279	7901	7195	11299	11625
1280	8040	7019	11170	11874
1281	7924	7479	11700	12158
1282	8097	7140	11405	12039
1283	7664	7003	11152	11667
1284	8028	7271	11601	11698
1285	7970	7132	11395	12216
1286	8070	7263	11443	12044
1287	8017	7191	11252	11978
1288	8018	6834	10900	11462
1289	7784	7032	10832	11654
1290	7973	7152	11092	11830
1291	7880	7416	11285	11540
1292	7964	7038	10993	11637
1293	7910	6954	10634	11331
1294	7584	6636	10327	11112
1295	7556	6754	10306	10926
1296	7747	7013	10970	11360
1297	8128	7180	11500	11824
1298	8239	7623	12181	12536
1299	7997	7472	11361	12032
1300	7664	6904	10461	11092
1301	7831	6836	10673	11295
1302	7822	6685	10895	11673
1303	7854	6794	11100	11540
1304	7912	7318	11600	12194
1305	7438	6993	10543	11311
1306	8160	7243	11398	12262
1307	7935	7170	11087	11818
1308	7980	7507	11648	12267
1309	7802	6921	10991	10890
1310	7870	6777	10968	11467
1311	7668	6638	10602	10630
1312	7920	6827	10580	11254
1313	8129	7098	10871	11284
1314	7834	6674	10933	11063
1315	8027	6496	10568	11329
1316	7628	6746	10456	10920
1317	7612	6351	10176	10850
1318	7885	6676	10760	11404
1319	7869	6614	10489	11184
1320	7739	6873	10781	11268
1321	7809	6521	10345	10917
1322	7741	6779	10365	10694
1323	7359	6198	9838	10267
1324	7792	6696	10426	10950
1325	7943	6823	11031	11454
1326	7686	6735	10314	11230
1327	20032	31961	45884	38802
1328	13800	17697	27387	25377
1329	20330	30640	47192	39593
1330	21396	34593	50957	40504
1331	28819	48515	72697	59834
1332	32420	58215	85310	65513
1333	37754	67609	100128	75957
1334	23627	38525	60332	55337
1335	13908	16638	28721	30246
1336	18327	23416	42588	42245
1337	12204	12238	22173	25600
1338	11526	11520	20472	24724
1339	11908	11904	21328	25058
1340	11147	10582	19253	23940
1341	12872	11663	23307	33587
1342	12125	11323	21386	27617
1343	14096	14691	27084	34039
1344	15385	16440	30269	37030
1345	13409	13703	24633	30318
1346	23251	27837	52396	64073
1347	15477	15914	30579	36800
1348	13696	13890	26656	32250
1349	21525	23185	46077	56261
1350	13852	12982	25632	31042
1351	13233	11779	24186	29030
1352	14270	12793	26923	31032
1353	15456	13973	29834	35209
1354	14547	13024	28356	33498
1355	20317	17738	42526	45957
1356	17419	15872	35655	40174
1357	15852	14385	31312	36146
1358	18789	17619	42044	44240
1359	13482	12132	26459	30574
1360	13852	12312	27739	31677
1361	15093	13689	31342	37137
1362	11892	10158	20356	23703
1363	12191	10536	22533	25589
1364	13320	11672	25865	30032
1365	12639	11249	22990	26732
1366	14362	12162	28399	32661
1367	14838	13211	30102	35530
1368	12591	11061	23258	27970
1369	12487	10860	22939	26773
1370	13604	11594	25510	31334
1371	12748	11337	22796	27057
1372	14105	11515	26796	31603
1373	13544	11582	25260	30905
1374	13491	10919	23824	27635
1375	16366	13743	31396	36719
1376	18419	14698	35668	43428
1377	14570	12245	26915	31448
1378	14781	12871	27709	32702
1379	15429	12800	28962	35684
1380	13411	12046	24160	29439
1381	12570	11177	21761	26583
1382	15147	13954	28746	34767
1383	17436	16913	34416	41436
1384	15780	15753	30701	36312
1385	27189	26120	58599	77750
1386	15389	15751	29544	37808
1387	13598	13910	25864	32223
1388	14514	14088	26966	35504
1389	11346	10482	18297	24056
1390	12284	12187	21408	27077
1391	10372	9787	16427	20535
1392	12131	11683	19981	25551
1393	11132	11023	18318	22030
1394	12682	13385	21710	28462
1395	12686	13643	22922	29531
1396	11886	12189	20734	26214
1397	15270	15875	27208	39483
1398	10379	9446	16644	22410
1399	9577	8307	14135	17340
1400	8840	7693	13007	16169
1401	9633	8789	14724	20644
1402	9438	7379	13437	16284
1403	9445	7695	13888	17738
1404	9958	7835	14299	17477
1405	10612	7976	16111	20114
1406	9950	7617	14936	18692
1407	9427	7438	13881	17452
1408	9831	7316	14177	18000
1409	8742	7254	12843	15240
1410	8539	7243	12829	14759
1411	8780	7126	12707	15032
1412	8297	6883	11903	14030
1413	8381	6782	11852	14474
1414	8022	6548	11478	13068
1415	9256	7200	13582	16799
1416	8766	7029	12355	14450
1417	8692	7142	12644	15111
1418	9004	7215	13378	16045
1419	8642	6860	12349	14813
1420	9076	7113	12779	15549
1421	8281	6708	11682	12640
1422	8023	6685	11397	12861
1423	8835	7149	12750	15240
1424	7910	6691	11128	12858
1425	9220	7047	13598	16587
1426	7673	6645	10409	11198
1427	7905	6744	11383	12600
1428	7646	6600	10536	11950
1429	7645	6756	11104	12394
1430	7846	6501	11082	12753
1431	8365	6915	12158	14342
1432	7705	6560	10832	12158
1433	8263	6832	11995	14385
1434	7376	6298	9928	10680
1435	7439	6285	9957	10907
1436	7239	6177	10224	10725
1437	7268	6162	10030	10887
1438	7379	6149	9794	11080
1439	7830	6753	11438	12755
1440	7691	6375	10566	11705
1441	8266	7124	11801	14232
1442	7384	6325	10614	11344
1443	6983	5913	9369	10357
1444	6919	5835	9283	9715
1445	7143	6156	9748	10545
1446	6785	5749	9187	9732
1447	6824	5969	9205	9082
1448	6904	6056	8948	9142
1449	6833	5882	8984	9330
1450	6800	5747	8848	9360
1451	6942	5940	9018	9465
1452	6711	5751	9037	9513
1453	6778	6069	9294	9308
1454	6720	5608	8922	9051
1455	6844	5937	9321	9895
1456	6712	5563	9158	9398
1457	6895	5763	8946	9548
1458	6642	5533	8786	9265
1459	6736	5724	9132	9582
1460	6682	5688	8993	9338
1461	6709	5891	9410	9995
1462	6943	5769	9260	9869
1463	7022	5860	9150	9577
1464	6580	5786	8704	9183
1465	6837	5804	9268	9595
1466	7073	5948	9415	9630
1467	6663	5793	9051	9284
1468	6852	6075	9543	9444
1469	6708	5949	9087	9279
1470	6971	5670	9438	9722
1471	6685	5805	9013	9276
1472	6875	5772	9442	9753
1473	6792	5733	8722	9093
1474	6836	5963	9518	9908
1475	6930	6120	9458	9737
1476	7102	6112	9803	9932
1477	6999	6024	9535	9683
1478	6714	5928	9162	9432
1479	6688	5863	8951	9202
1480	6803	5650	8643	9230
1481	6764	5629	8979	9331
1482	6549	5444	8857	8874
1483	6483	5462	8914	8795
1484	6436	5525	8533	8671
1485	6664	5880	8882	9079
1486	6735	5867	8851	8790
1487	6759	5672	8873	8891
1488	6755	5832	9160	9357
1489	6699	5848	8833	8954
1490	6649	5763	8882	9295
1491	6641	5673	8723	8551
1492	6485	5640	8442	8527
1493	6433	5991	8799	8651
1494	6524	5652	8526	8622
1495	6654	5864	8555	8992
1496	6476	5507	8533	8588
1497	6380	5606	8351	8435
1498	6893	6045	8795	8763
1499	6792	5932	8699	8653
1500	6746	6165	8757	9228
1501	6594	5888	8512	8749
1502	6568	5619	8543	8457
1503	6598	6094	8260	8806
1504	6358	5585	8172	8024
1505	6539	5661	8023	8207
1506	6512	5870	8685	8435
1507	6456	5674	8212	8031
1508	6570	5690	8049	8226
1509	6264	5778	8057	8374
1510	6311	5622	7940	8014
1511	6289	5687	8092	8161
1512	6597	5624	8240	8462
1513	6660	5691	8298	8262
1514	6323	5551	8009	8040
1515	6339	5677	7973	7942
1516	6045	5690	7870	7882
1517	6505	5587	7949	8358
1518	6174	5540	8053	8056
1519	6458	5741	8330	8417
1520	6262	5570	7914	8251
1521	6350	5545	8234	8173
1522	6069	5375	7849	7805
1523	6095	5302	8001	8213
1524	6195	5455	7552	7852
1525	6029	5452	7535	7702
1526	6115	5386	7636	8116
1527	6443	5683	7879	8297
1528	6184	5573	8130	8203
1529	6669	5839	8472	8642
1530	6033	5522	7962	8042
1531	5933	5410	7413	7715
1532	6436	5567	7628	8073
1533	6233	5280	7828	8290
1534	6018	5314	7536	7952
1535	6037	4970	7511	7985
1536	6226	5523	7549	7892
1537	6232	5416	7389	7767
1538	6029	5129	7436	7491
1539	5957	5238	7442	7776
1540	6188	5193	7526	7721
1541	5992	5396	7326	7660
1542	6392	5650	7608	7831
1543	6328	5366	7563	7854
1544	6334	5618	7697	7824
1545	6148	5572	7512	7746
1546	6365	5428	7784	8247
1547	6265	5855	7830	8091
1548	6233	5452	7883	8281
1549	6391	5504	8045	8202
1550	6328	5454	7899	8515
1551	6445	5544	7947	8217
1552	6242	5380	7579	8033
1553	6059	5392	7647	7944
1554	6177	5592	7789	8024
1555	6266	5590	8243	8348
1556	6235	5759	8005	8444
1557	6352	5638	8741	8857
1558	6057	5427	7835	8230
1559	6028	5384	7507	7821
1560	5950	5340	7094	7941
1561	6269	5441	8221	8299
1562	6265	5372	8335	8341
1563	6498	5707	8283	8654
1564	6111	5226	7718	7847
1565	6185	5658	7962	8009
1566	6473	5505	8103	8364
1567	6099	5361	7495	7933
1568	6400	5579	8128	8360
1569	6026	5398	7590	7993
1570	6198	5538	7838	7906
1571	6371	5431	7751	8166
1572	6237	5400	7965	8300
1573	6370	5480	7778	7972
1574	6011	5302	7671	8143
1575	6223	5267	7697	7713
1576	5965	5121	7260	7788
1577	6258	5418	7751	8009
1578	6215	5762	7915	7924
1579	6074	5253	7385	7956
1580	6292	5611	7837	7923
1581	6095	5265	7609	7755
1582	6021	5215	7696	8019
1583	5933	5355	7387	7522
1584	6178	5511	7669	7780
1585	6159	5181	7585	7923
1586	6042	5379	7443	7926
1587	6199	5378	7434	7996
1588	6150	5423	7541	8016
1589	5987	5184	7400	7625
1590	6096	5475	7606	7697
1591	5933	5282	7323	7705
1592	6065	5148	7273	7552
1593	6021	5177	7355	7441
1594	6153	5207	7129	7583
1595	5986	5332	7629	7592
1596	5924	5400	7448	7776
1597	5758	5313	7212	7713
1598	5892	5269	7085	7462
1599	5976	5196	7557	7446
1600	5875	5026	7214	7422
1601	5971	5181	7336	7445
1602	5619	5091	7192	7172
1603	5930	5323	7205	7400
1604	6042	5371	7296	7479
1605	5888	5481	7244	7351
1606	5875	5287	7491	7889
1607	5714	5347	7290	7417
1608	5871	5117	7111	7510
1609	5909	5361	7325	7519
1610	5996	5613	7339	7664
1611	5792	5413	7162	7663
1612	5867	5244	7071	7416
1613	5853	5357	7233	7502
1614	6117	5451	7604	8224
1615	6203	5731	7550	7946
1616	6393	5806	7928	8300
1617	6278	5914	7992	8379
1618	6104	5812	7573	7787
1619	5997	5357	7425	7880
1620	6126	5553	8027	8183
1621	6260	5448	8018	8185
1622	6097	5502	8222	8575
1623	6279	5419	8203	8387
1624	6000	5223	8093	8183
1625	6042	5433	8025	8372
1626	6201	5595	7800	7890
1627	6227	5651	8206	8459
1628	6152	5404	7749	7980
1629	6189	5429	8182	8379
1630	6145	5485	7896	8339
1631	6113	5612	8104	8278
1632	6195	5379	8357	8279
1633	6025	5403	7861	8435
1634	6183	5378	8402	8607
1635	6344	5471	7953	8278
1636	6281	5399	8135	8493
1637	6198	5538	8201	8321
1638	6433	5719	8444	8622
1639	6133	5765	8255	8514
1640	6229	5602	8592	8392
1641	6177	5597	8051	8571
1642	6074	5535	8033	8403
1643	6008	5298	7781	7973
1644	6039	5392	8233	8108
1645	6351	5440	8195	8358
1646	6186	5445	8359	8373
1647	6130	5420	8167	8229
1648	6384	5652	8455	8329
1649	6137	5325	7765	8073
1650	6221	5435	8328	8299
1651	6189	5318	8571	8427
1652	6440	5583	8658	8885
1653	6137	5291	8199	8214
1654	6095	5485	8358	8135
1655	5999	5479	7954	8014
1656	6170	5590	8558	8030
1657	6269	5835	8575	8576
1658	6422	5785	9164	8897
1659	6188	5622	8385	8313
1660	6392	5170	8300	8368
1661	6131	5463	8180	8044
1662	6317	5725	8804	8297
1663	6297	5797	8939	8319
1664	6264	5686	8342	8318
1665	6481	5749	8771	8664
1666	6309	5768	8891	8428
1667	6383	5811	8670	8501
1668	6224	5840	8555	8436
1669	6158	5488	8517	8275
1670	6116	5622	8285	8425
1671	6000	5578	8317	8317
1672	6122	5778	8630	8208
1673	6367	5831	8842	8183
1674	6114	5374	8321	8115
1675	6137	5649	8330	8134
1676	6001	5569	8214	8183
1677	6196	5807	8571	8195
1678	6151	5683	8371	8257
1679	6130	5676	8129	8137
1680	6138	5602	8477	8318
1681	6004	5319	8050	8251
1682	5842	5564	8075	7843
1683	6009	5433	8529	8297
1684	6042	5330	8075	7997
1685	5944	5562	8484	8515
1686	6034	5335	8063	7734
1687	5885	5362	8591	8263
1688	6042	5465	7994	7951
1689	5670	5461	7760	7721
1690	5958	5272	7283	7720
1691	5968	5356	7638	7791
1692	5741	5244	7770	7694
1693	5715	5143	7660	7751
1694	5931	5226	7895	7788
1695	5768	5262	7793	7791
1696	5931	5401	8038	7934
1697	5807	5089	7863	7793
1698	5753	5355	7952	7873
1699	6021	5707	8049	8006
1700	5723	5163	7878	7641
1701	5628	5420	8119	8011
1702	5671	5112	7403	7236
1703	5829	5382	8234	8105
1704	5758	5119	7918	7860
1705	5889	5135	7529	7575
1706	5680	5188	7553	7588
1707	5708	5365	7519	7577
1708	5725	4924	7377	7563
1709	5430	4944	7209	7384
1710	5725	4874	7331	7309
1711	5700	4993	7371	7438
1712	5481	4834	7198	7176
1713	5608	5028	7541	7627
1714	5684	5093	7638	7745
1715	5594	4928	7304	7468
1716	5416	4911	7201	7323
1717	5724	4941	7400	7381
1718	5510	4752	7084	7308
1719	5343	4832	6792	7080
1720	5495	4606	6838	7223
1721	5648	4757	7080	7280
1722	5295	4668	6599	6898
1723	5510	4760	6951	6860
1724	5437	4679	6672	7160
1725	5138	4622	6487	6583
1726	5232	4710	6515	6780
1727	5320	4675	6834	6880
1728	5212	4511	6560	6851
1729	5278	4537	6604	6809
1730	5282	4483	6541	6550
1731	5346	4378	6719	6988
1732	5379	4397	6565	6854
1733	5130	4457	6453	6510
1734	5401	4406	6575	6543
1735	5124	4332	6332	6615
1736	5344	4579	6842	6667
1737	5355	4557	6737	6898
1738	5233	4406	6477	6561
1739	5119	4231	6222	6412
1740	5205	4470	6233	6459
1741	5380	4417	6629	6893
1742	5396	4473	6906	7288
1743	5325	4583	6873	6851
1744	5256	4385	6490	6753
1745	5319	4444	6589	6453
1746	5125	4403	6177	6446
1747	5160	4359	6170	6755
1748	5351	4399	6463	6937
1749	5362	4425	6492	6805
1750	5667	4863	7233	8364
1751	5266	4359	6853	6950
1752	5255	4603	7213	7178
1753	5262	4574	6863	7192
1754	5183	4535	6747	6971
1755	5529	4902	7722	8181
1756	5523	5077	7568	8124
1757	5612	5099	7739	8444
1758	5652	4933	7725	8272
1759	5378	4553	6757	6983
1760	6058	5212	8037	9289
1761	5392	4673	6906	7523
1762	5411	4644	6859	7359
1763	5476	5080	7520	7972
1764	5674	5054	7561	8445
1765	6305	6220	9207	9447
1766	6210	5987	9044	9515
1767	5887	5735	8315	8730
1768	6122	5652	8416	9199
1769	5396	5061	7391	7847
1770	6333	6899	9690	13011
1771	6354	6667	9767	11699
1772	5832	5832	8548	9039
1773	6765	6823	10065	10993
1774	6503	6823	9494	10482
1775	6259	6492	9730	10332
1776	6316	6215	9163	9389
1777	5914	5767	8342	8391
1778	6241	6426	9237	9619
1779	6308	7463	10215	11006
1780	7446	9117	12536	14228
1781	7491	9374	12643	13316
1782	6531	7289	10227	9413
1783	6544	6901	9983	9492
1784	6392	6979	10332	9970
1785	6874	7732	11240	10865
1786	7284	7989	12323	12143
1787	6625	7461	10295	10175
1788	6551	7489	10915	10336
1789	7306	7689	11623	12344
1790	6156	6089	9313	9106
1791	6539	6406	9931	10106
1792	6450	7412	11085	10573
1793	7014	8520	12075	10891
1794	8255	10486	14847	13642
1795	7920	10922	14782	13351
1796	7306	9260	13604	12372
1797	6934	8210	11992	11165
1798	6669	8001	11678	9987
1799	7697	9299	13980	12001
1800	7907	9990	14733	12497
1801	8189	10807	16059	13155
1802	9136	12377	18581	16221
1803	7244	9099	13301	11065
1804	9495	11870	18605	16631
1805	7034	8379	12141	10292
1806	7535	10168	14473	11253
1807	8856	13815	18614	13180
1808	9281	16295	20694	13864
1809	10617	20236	24489	16032
1810	10277	18770	23513	16502
1811	9020	15401	19830	14592
1812	9959	15022	20537	17808
1813	7841	9772	13811	11887
1814	9329	14212	19141	13993
1815	8942	14311	18812	13502
1816	8084	13310	17448	12491
1817	8242	12511	17019	12603
1818	8302	12935	17150	14121
1819	7075	9003	12660	10916
1820	7363	9644	13120	10993
1821	8493	12699	17035	13566
1822	11745	21226	26603	20849
1823	10412	18974	24034	17120
1824	12032	25422	29875	19996
1825	9828	18457	22696	17322
1826	6688	7113	11530	10930
1827	7192	7766	12526	11640
1828	7437	7982	13021	12222
1829	6747	6984	11488	11000
1830	7297	7360	12737	11994
1831	7199	6969	12231	11890
1832	6904	6363	11811	10818
1833	8467	8401	15877	15427
1834	7263	6329	12268	11884
1835	8502	8780	16656	14863
1836	7829	8070	13867	13257
1837	8567	8684	15539	14331
1838	7237	6466	12143	11309
1839	7455	6403	13048	11665
1840	7673	6849	13929	13184
1841	8745	7491	16820	15459
1842	7445	6243	13296	12647
1843	9100	7574	17890	16190
1844	7916	6367	13952	13242
1845	7001	5505	11899	11311
1846	7374	6179	12849	12398
1847	6289	5375	10070	9554
1848	7067	5981	12001	11513
1849	6500	5738	10598	9752
1850	6669	6003	11122	10500
1851	6513	5912	10760	10545
1852	6755	5752	10732	10467
1853	6744	5970	11120	10130
1854	8352	7767	14401	12771
1855	8556	8125	16212	13397
1856	11186	11412	22453	18094
1857	8975	9204	16978	13808
1858	7230	7094	12384	10859
1859	6931	6587	11251	9872
1860	6457	5724	9935	9238
1861	7011	6223	11075	10798
1862	8077	8312	15162	12606
1863	11140	12589	22215	17016
1864	13061	16296	29401	21410
1865	12091	15637	27143	19733
1866	17566	25003	44097	30334
1867	7264	7482	13479	12175
1868	6505	6090	10605	9700
1869	7057	7293	12895	11671
1870	7973	8707	15955	13482
1871	7676	8197	14899	13254
1872	8425	9814	17813	14661
1873	6583	5964	10795	10749
1874	6066	5149	9155	9421
1875	6201	5061	8780	9378
1876	6202	4874	8627	9266
1877	5901	5089	8631	8931
1878	6130	5011	9037	9287
1879	6233	5198	9348	9576
1880	6124	5050	9286	9485
1881	6424	5328	10040	10331
1882	5897	4752	8543	8851
1883	5744	4519	7596	7657
1884	5734	4616	7523	7836
1885	6007	4807	8562	8577
1886	5886	4646	8570	8288
1887	5919	4751	8862	8779
1888	6538	5081	10362	10117
1889	5751	4746	7775	8249
1890	6056	4922	9059	8815
1891	5737	4764	8012	7965
1892	5989	5010	8458	8065
1893	5388	4552	7725	7731
1894	6007	4700	8478	8341
1895	5647	4637	7993	8005
1896	6119	4941	9352	9091
1897	5451	4432	7402	7301
1898	5468	4634	8358	7729
1899	5625	4754	8121	7512
1900	5903	4983	9392	8240
1901	5509	4643	7990	7433
1902	5797	4723	8965	8545
1903	5887	4350	7692	8070
1904	5652	4349	7997	8075
1905	5687	4404	8003	8580
1906	5058	4063	5932	6335
1907	4855	3968	5921	6054
1908	5107	4050	6209	6245
1909	5126	4267	6223	6393
1910	5331	4443	6531	6650
1911	5046	4207	6146	6327
1912	4824	4019	5842	6115
1913	4991	4084	6010	5954
1914	4992	4096	6185	6040
1915	5118	4350	6357	6188
1916	5133	4156	6050	6375
1917	5145	4218	6320	6628
1918	5316	4036	6310	6504
1919	5152	3998	6119	6166
1920	4969	4179	6114	6199
1921	4998	4029	6006	6075
1922	5132	4212	6340	6213
1923	4897	4120	6017	6038
1924	5014	4202	5995	6227
1925	4980	3878	6070	5928
1926	4995	4054	5777	6025
1927	4815	4026	6039	6027
1928	5078	3992	5984	6044
1929	4981	4033	5791	5981
1930	5019	4053	5776	6045
1931	4921	3926	5770	6133
1932	4804	3956	5750	5833
1933	5042	3955	5819	5985
1934	5049	3951	5871	6029
1935	4979	4055	5806	5813
1936	4966	3988	6239	6403
1937	5153	4494	6331	6316
1938	5015	4153	6033	6119
1939	4888	3960	6093	6246
1940	4993	4142	6033	6081
1941	4920	4039	5896	6094
1942	4980	3912	5735	6145
1943	4949	4170	5938	5931
1944	4880	4012	5839	5993
1945	5033	3949	5994	6164
1946	5046	4347	6142	6442
1947	4998	4011	5985	6292
1948	4878	4365	6554	6369
1949	4956	4145	6045	6222
1950	5128	4137	6263	6192
1951	5073	4092	6562	6243
1952	5078	4220	6365	6425
1953	5233	3993	5964	5984
1954	4899	3952	5903	5818
1955	4736	4043	5558	5777
1956	5054	4161	5744	6069
1957	4829	3832	5799	5791
1958	4746	3975	5654	5752
1959	4786	4131	5869	6115
1960	5080	3963	6013	6168
1961	4831	3983	5556	5869
1962	4756	3799	5552	5684
1963	4985	3928	5733	5828
1964	4692	3820	5819	5851
1965	4680	3953	5561	5719
1966	4746	3829	5676	5611
1967	4565	3801	5608	5674
1968	4801	3832	5514	5529
1969	4926	4015	5871	6045
1970	4715	3919	5793	5934
1971	4821	3779	5430	5596
1972	4658	3853	5240	5713
1973	4573	3825	5407	5511
1974	4848	3812	5729	5682
1975	4752	3857	5582	5534
1976	4642	3818	5489	5384
1977	4542	3859	5418	5463
1978	4625	3811	5271	5409
1979	4603	3746	5388	5634
1980	4500	3569	5055	5097
1981	4527	3742	5372	5287
1982	4602	3695	5307	5277
1983	4777	3588	5307	5571
1984	4661	3750	5333	5420
1985	4660	3724	5377	5482
1986	4590	3553	5424	5398
1987	4761	3660	5427	5637
1988	4550	3501	5153	5278
1989	4551	3654	5287	5233
1990	4623	3626	5294	5530
1991	4605	3736	5201	5383
1992	4375	3822	5246	5575
1993	4446	3731	5190	5307
1994	4558	3631	5328	5328
1995	4658	3734	5049	5310
1996	4739	3708	5284	5435
1997	4590	3563	5246	5346
1998	4525	3721	5149	5449
1999	4428	3649	5289	5377
2000	4493	3552	5341	5241
2001	4416	3655	5072	5180
2002	4623	3811	5378	5160
2003	4590	3609	5361	5362
2004	4398	3570	5277	5386
2005	4330	3736	5083	5440
2006	4486	3623	5038	5053
2007	4453	3568	5270	5087
2008	4299	3497	5048	5018
2009	4562	3677	5274	5284
2010	4583	3497	5087	5066
2011	4348	3487	4919	5135
2012	4565	3481	5143	5138
2013	4551	3488	5234	5062
2014	4263	3284	4838	4909
2015	4493	3595	5255	5417
2016	4425	3443	4896	4885
2017	4250	3440	4728	4963
2018	4262	3496	4985	4873
2019	4206	3444	4929	4972
2020	4274	3351	4683	4864
2021	4214	3352	4977	4939
2022	4309	3381	4778	4979
2023	4332	3637	4833	5057
2024	4216	3564	4657	4919
2025	4337	3463	4810	5028
2026	4212	3400	4455	4891
2027	4264	3509	4767	4851
2028	4313	3496	4703	4941
2029	4378	3522	4790	4980
2030	4296	3643	4902	5077
2031	4286	3627	4925	5025
2032	4115	3460	4749	4976
2033	4214	3442	4710	4968
2034	4222	3483	4684	5043
2035	4310	3474	4683	5005
2036	4167	3371	4690	4913
2037	4339	3437	4658	4939
2038	4224	3444	4656	5019
2039	4100	3329	4838	5120
2040	4232	3452	4627	5033
2041	4186	3567	5026	5007
2042	4166	3425	4785	4751
2043	4183	3521	4874	5085
2044	4322	3594	4886	5041
2045	4229	3466	4742	4904
2046	4154	3639	4940	4876
2047	4236	3432	4804	4956
2048	4184	3603	4649	4993
2049	4214	3397	4705	5061
2050	4236	3593	4914	4905
2051	4190	3433	4867	5033
2052	4367	3484	5013	5042
2053	4099	3598	4962	5088
2054	4279	3426	4848	5126
2055	4453	3616	5045	5106
2056	4198	3588	4639	5039
2057	4116	3536	4795	4897
2058	4071	3505	4692	5003
2059	4255	3577	4828	5123
2060	4289	3495	4815	5102
2061	4305	3436	4788	5106
2062	4254	3614	4908	5086
2063	4194	3521	4936	4956
2064	4192	3535	4919	5149
2065	4321	3750	5001	5281
2066	4398	3584	5151	5256
2067	4317	3550	4807	5113
2068	4252	3582	4956	5121
2069	4229	3567	5015	5098
2070	4202	3450	4676	4859
2071	4093	3624	4750	4926
2072	4178	3632	5005	5018
2073	4269	3691	4759	4976
2074	4290	3580	5010	5053
2075	4219	3552	4736	4914
2076	4055	3503	4731	4985
2077	4183	3420	4806	4836
2078	4260	3513	4622	5032
2079	4105	3362	4566	4975
2080	4238	3529	4768	4876
2081	4322	3729	4787	4972
2082	4239	3591	4979	4844
2083	4492	3673	4909	4978
2084	4327	3706	4887	5091
2085	4198	3590	4700	4841
2086	4297	3584	5014	5119
2087	4352	3635	5127	5040
2088	4512	4254	5300	5622
2089	4699	5002	5760	5775
2090	4259	3891	5086	5146
2091	4389	3940	5186	5262
2092	4349	3943	5179	5301
2093	4455	3973	5171	5247
2094	4434	4318	5321	5189
2095	4329	3784	5069	5220
2096	4335	3917	5080	5386
2097	4583	4148	5479	5599
2098	4411	3869	5138	5450
2099	4429	3966	5316	5608
2100	4721	4586	5980	5876
2101	4801	4395	5557	5674
2102	4564	4355	5354	5563
2103	4592	4220	5496	5607
2104	4690	4502	5499	5775
2105	4683	4602	5983	6105
2106	4608	3896	5539	5875
2107	4842	4229	5746	6484
2108	4580	4089	5654	5777
2109	4708	3935	5712	6267
2110	4602	4056	5805	6257
2111	4576	3944	5695	6226
2112	4643	3992	5718	5809
2113	4513	3985	5538	5834
2114	4629	4048	5704	5958
2115	4586	4114	5690	5862
2116	4450	3902	5537	5452
2117	4827	3981	5748	5949
2118	4813	4007	5718	6550
2119	4819	3984	5930	6403
2120	4628	4097	5998	6312
2121	4960	4460	6259	6850
2122	4727	3995	5946	6395
2123	4739	4156	6005	6191
2124	4730	4075	6027	6397
2125	4876	4197	6156	6317
2126	4841	4119	6247	6678
2127	4950	4094	5970	6735
2128	4959	4307	6213	7109
2129	4604	4216	5914	6170
2130	4888	4317	5818	6115
2131	4893	4680	6374	6486
2132	4945	4437	6265	6589
2133	4509	3970	5867	5997
2134	4870	4107	6134	6814
2135	4858	4077	6434	6845
2136	4946	4551	6666	7022
2137	5217	4447	6681	7101
2138	4799	4326	6071	6600
2139	4798	4056	6409	6892
2140	4988	4224	6294	6777
2141	5182	4057	6574	7228
2142	4944	4003	6817	7245
2143	5018	4174	6411	7003
2144	4969	4140	6492	6842
2145	4890	4099	6395	6949
2146	4970	4159	6652	7133
2147	5140	4355	7080	7698
2148	5256	4247	7294	7784
2149	5518	4321	8086	8570
2150	5436	4413	7809	8009
2151	5954	4865	9453	9817
2152	5000	4346	7010	7127
2153	5018	4155	6860	7526
2154	5077	4280	7074	7674
2155	5278	4528	7332	8188
2156	4969	4567	6686	7034
2157	4973	4280	6722	6904
2158	4941	4358	6291	6927
2159	4887	4146	6538	6869
2160	5073	4372	6861	7747
2161	5166	4235	6906	7924
2162	5225	4158	7392	8018
2163	5442	4349	8033	9324
2164	4889	3958	6647	7416
2165	5707	4376	8186	9795
2166	5089	4239	6526	7352
2167	5004	4008	6288	6852
2168	5142	4358	6670	7617
2169	5551	4262	7680	8838
2170	5556	4343	7992	9127
2171	5586	4286	8135	9427
2172	5367	4094	7651	8492
2173	5088	4030	6645	7174
2174	4999	4254	6926	7376
2175	5087	4219	6764	7171
2176	5281	4148	7218	7977
2177	4819	3783	6062	6544
2178	4655	3924	6276	6551
2179	4770	4087	6568	7051
2180	4850	4028	6118	6701
2181	4828	3920	6140	6408
2182	4831	3970	6265	6876
2183	4611	3742	5996	6494
2184	4766	4060	6172	6353
2185	4974	4279	6621	6692
2186	4811	4144	6501	6409
2187	4822	4419	6636	6646
2188	4990	4191	6763	6793
2189	5058	4085	6989	7157
2190	5206	4191	6785	7129
2191	5120	4077	7139	7398
2192	5320	4294	7357	7316
2193	5017	4200	6782	6813
2194	4803	4119	6244	6978
2195	4870	4304	6493	6802
2196	5280	4326	6968	7132
2197	5121	4467	7446	7785
2198	5477	4652	7657	7699
2199	5378	4400	8060	8643
2200	4944	4192	6519	6586
2201	4927	4051	6753	7069
2202	5136	4002	7098	7547
2203	5164	4088	7432	7613
2204	5594	4139	8116	8827
2205	5195	4379	7634	7857
2206	4737	3864	6380	6869
2207	4745	3823	6061	6779
2208	4749	3811	6497	6759
2209	4903	4038	6932	7273
2210	4790	3987	6355	6977
2211	4765	3784	6593	6521
2212	4825	3905	6654	6949
2213	5138	4205	7524	7576
2214	5133	3953	7493	8005
2215	4869	3872	6827	7079
2216	4793	3917	6718	7040
2217	4663	3853	6109	6376
2218	4636	3713	5617	5794
2219	4484	3718	5812	5853
2220	4774	3817	5995	6333
2221	4949	3895	6651	6701
2222	5105	4078	7119	7774
2223	4920	4093	7000	7032
2224	4974	4039	6980	7300
2225	4838	3930	6403	6388
2226	4632	3958	6117	6098
2227	4698	3844	5887	5859
2228	4650	3723	6099	5914
2229	4492	3739	5928	5832
2230	4772	3603	6063	6024
2231	4669	3784	6028	5970
2232	4937	3589	6196	6246
2233	4606	3747	6201	6161
2234	4670	3710	6012	5909
2235	4780	3584	6347	6070
2236	4722	3476	5991	5901
2237	4772	3776	6182	5680
2238	4939	3962	6807	6274
2239	4649	3647	6321	5633
2240	5361	4053	7913	6993
2241	4919	3850	6792	6153
2242	5364	4148	7899	7331
2243	5225	4121	7810	7183
2244	4805	3919	6692	6058
2245	4726	3829	6721	6351
2246	4654	3630	5914	5482
2247	4668	3717	6018	5702
2248	4840	3654	6561	5894
2249	4861	3701	6805	6110
2250	5605	4030	8438	7303
2251	5702	4182	9042	7792
2252	6388	4725	11403	9297
2253	5419	4274	8890	7680
2254	5331	4177	8044	7005
2255	4735	3878	6393	5662
2256	4246	3521	5306	5100
2257	4238	3778	5404	5125
2258	4252	3436	5535	5100
2259	4316	3446	5307	5237
2260	4255	3440	5449	5146
2261	4149	3709	5555	5123
2262	4073	3601	5021	4975
2263	4381	3593	5341	5133
2264	4139	3367	5078	4785
2265	4261	3409	5074	4907
2266	4067	3359	4785	4904
2267	4145	3480	5107	5044
2268	4239	3509	5449	5321
2269	4239	3749	5117	4949
2270	4103	3249	4844	4913
2271	4043	3334	4795	4868
2272	4067	3370	4506	4799
2273	4181	3319	4676	4737
2274	4176	3527	5195	5012
2275	4238	3335	4976	5101
2276	4057	3310	4771	4725
2277	3898	3210	4648	4735
2278	3928	3055	4493	4522
2279	3941	3216	4340	4818
2280	4024	3223	4694	4706
2281	3900	3262	4627	4682
2282	3915	3228	4580	4609
2283	3762	3077	4571	4424
2284	3802	3093	4633	4663
2285	3955	3095	4512	4704
2286	3903	3096	4491	4689
2287	3935	3076	4521	4448
2288	3811	3008	4234	4446
2289	3793	2971	4305	4409
2290	3772	3036	4355	4377
2291	3690	3088	4213	4295
2292	3705	3098	4438	4540
2293	3714	2970	4275	4250
2294	3888	3003	4363	4437
2295	3865	3025	4213	4442
2296	3678	2905	4242	4366
2297	3708	2968	4560	4527
2298	3792	3105	4735	4561
2299	4221	3202	5169	5458
2300	3770	3096	4465	4612
2301	3977	3042	4682	4768
2302	4001	3148	4502	4571
2303	4060	3152	4790	5102
2304	4004	3108	4781	4799
2305	4031	3122	4537	4737
2306	3830	3046	4710	4730
2307	3898	3163	4372	4505
2308	4059	3025	4522	4734
2309	3807	2939	4211	4419
2310	3850	2991	4474	4676
2311	3616	2931	4383	4505
2312	3738	2949	4219	4428
2313	3632	3090	4220	4474
2314	3784	3036	4273	4736
2315	3819	2915	4208	4634
2316	3762	3100	4287	4333
2317	3676	2916	4161	4106
2318	3718	3021	4109	4300
2319	3729	2922	4135	4226
2320	3781	2972	4191	4399
2321	3682	3005	4110	4305
2322	3752	2983	4037	4304
2323	3652	2998	4085	4226
2324	3725	2926	3978	4144
2325	3663	3097	4084	4205
2326	3549	2999	3970	4283
2327	3681	3112	4086	4273
2328	3564	3084	4083	4190
2329	3775	3001	4160	4061
2330	3687	2957	3917	4246
2331	3840	2960	4235	4246
2332	3705	3022	4089	4261
2333	3608	3068	4232	4181
2334	3709	3054	4108	4221
2335	3731	3005	4301	4290
2336	3656	3012	4246	4251
2337	3514	3052	4199	4284
2338	3676	2910	4109	4125
2339	3716	2945	4140	4112
2340	3534	2994	4070	4227
2341	3480	2834	4065	4153
2342	3723	3008	4402	4275
2343	3721	2929	4090	4331
2344	3798	3132	4267	4248
2345	3736	3067	4305	4378
2346	3621	3122	4280	4223
2347	3712	2946	4161	4218
2348	3779	2953	4152	4153
2349	3762	3048	4524	4414
2350	3707	3020	4177	4268
2351	3677	3050	4184	4453
2352	3661	3033	4255	4387
2353	3856	3167	4385	4574
2354	3940	3173	4283	4532
2355	3667	3120	4468	4478
2356	3825	3147	4389	4463
2357	3769	3025	4424	4221
2358	3856	3006	4380	4273
2359	3679	2955	4294	4468
2360	3525	2895	4039	4254
2361	3447	2854	4024	4354
2362	3588	2953	4174	4342
2363	3738	2923	4210	4326
2364	3571	3120	4311	4350
2365	3717	2969	4249	4370
2366	3720	3015	4250	4412
2367	3624	2943	4309	4315
2368	3610	2848	3987	4280
2369	3721	3035	4061	4303
2370	3609	2966	4237	4396
2371	3664	3034	4055	4287
2372	3671	2988	3947	4087
2373	3487	2876	3914	4148
2374	3594	2833	3881	3972
2375	3522	2931	3809	4120
2376	3524	2997	3984	4253
2377	3794	3000	3873	4293
2378	3645	2930	3816	4097
2379	3526	2951	3818	4056
2380	3572	2890	3986	4261
2381	3655	3035	4148	4296
2382	3596	3091	4164	4434
2383	3661	3017	3945	4356
2384	3571	2954	4046	4146
2385	3362	2968	3973	4082
2386	3642	2998	4168	4144
2387	3532	3090	4181	4458
2388	3662	3016	4098	4276
2389	3801	3074	4388	4346
2390	3643	2941	4160	4202
2391	3634	3193	4149	4318
2392	3798	3080	4199	4433
2393	3653	3104	4261	4474
2394	3840	3275	4291	4382
2395	3464	2979	4029	4144
2396	3483	3025	3980	4111
2397	3760	3005	4119	4267
2398	3686	2953	4005	4333
2399	3598	3041	4092	4106
2400	3689	3121	4386	4476
2401	3691	3037	4058	4230
2402	3507	3109	4079	4297
2403	3654	3027	4148	4262
2404	3545	3012	4021	4264
2405	3625	3115	4083	4307
2406	3812	3319	4216	4432
2407	3786	3248	4224	4392
2408	3702	3357	4056	4493
2409	3732	3248	4237	4436
2410	3681	3116	4130	4512
2411	3615	3211	4077	4423
2412	3754	3300	4132	4459
2413	3772	3095	4071	4468
2414	3678	2938	3979	4442
2415	3682	3029	4184	4557
2416	3725	3085	4430	4639
2417	3661	3308	4200	4610
2418	3746	3064	4412	4511
2419	3630	3142	4346	4692
2420	3880	3096	4528	4644
2421	3657	3121	4276	4688
2422	3723	3038	4544	4769
2423	3677	3145	4427	4519
2424	3624	3086	4289	4703
2425	3645	3039	4421	4466
2426	3700	2977	4211	4336
2427	3668	3202	4252	4510
2428	3745	3096	4508	4522
2429	3664	3152	4426	4591
2430	3689	3223	4401	4649
2431	3665	3213	4236	4404
2432	3730	3117	4399	4464
2433	3622	3112	4288	4380
2434	3668	3182	4396	4500
2435	3596	3027	4169	4560
2436	3629	3090	4360	4670
2437	3827	3027	4534	4510
2438	3814	3147	4417	4423
2439	3693	3139	4260	4506
2440	3630	3061	4333	4348
2441	3783	3071	4300	4434
2442	3638	3201	4415	4564
2443	3584	3121	4183	4451
2444	3797	3082	4583	4585
2445	3784	3242	4256	4611
2446	3691	3208	4322	4493
2447	3757	3244	4537	4613
2448	3630	3168	4155	4409
2449	3706	3216	4380	4556
2450	3716	3001	4187	4388
2451	3683	3087	4205	4375
2452	3690	3081	4172	4430
2453	3804	3076	4526	4656
2454	3663	3096	4356	4794
2455	3580	2948	4326	4606
2456	3793	3068	4310	4451
2457	3674	3124	4406	4520
2458	3603	3042	4024	4502
2459	3671	2966	4240	4455
2460	3802	2979	4062	4255
2461	3529	2965	4255	4419
2462	3690	3055	4274	4557
2463	3799	2905	4267	4516
2464	3797	3039	4503	4540
2465	3651	3046	4358	4406
2466	3514	2943	4149	4506
2467	3589	2951	4121	4583
2468	3713	2954	4220	4500
2469	3658	3012	4177	4645
2470	3724	3059	4183	4392
2471	3591	3003	4355	4652
2472	3698	3119	4172	4611
2473	3646	3081	4191	4601
2474	3660	3136	4201	4540
2475	3810	3192	4324	4622
2476	3726	3117	4539	4561
2477	3724	3240	4775	4988
2478	3746	3288	4514	4695
2479	3660	3134	4477	4765
2480	3658	3316	4615	4685
2481	3630	3199	4262	4627
2482	3782	3223	4654	4716
2483	3745	3206	4395	4666
2484	3628	3242	4591	4759
2485	3741	3184	4643	4734
2486	3617	3342	4400	4557
2487	3641	3134	4494	4700
2488	3636	3297	4454	4761
2489	4003	3292	4616	4926
2490	3800	3300	4651	4823
2491	3648	3247	4413	4691
2492	3706	3302	4600	4815
2493	3634	3277	4520	4702
2494	3733	3346	4633	4782
2495	3815	3316	4485	4730
2496	3811	3361	4817	4977
2497	3600	3366	4827	4838
2498	3947	3364	4942	4908
2499	3581	3214	4748	4837
2500	3707	3275	4741	4702
2501	3546	3105	4285	4562
2502	3730	3126	4308	4489
2503	3731	3125	4318	4754
2504	3669	3114	4606	4489
2505	3676	2979	4391	4316
2506	3655	3248	4449	4525
2507	3585	3245	4245	4382
2508	3581	3011	4215	4428
2509	3449	3158	4464	4560
2510	3600	3223	4577	4532
2511	3522	3243	4384	4527
2512	3665	3328	4418	4623
2513	3595	3264	4556	4621
2514	3482	3101	4479	4489
2515	3464	2958	4233	4302
2516	3358	3032	4405	4511
2517	3451	3192	4366	4612
2518	3530	3149	4404	4414
2519	3710	3131	4548	4508
2520	3639	3205	4384	4527
2521	3543	3081	4362	4500
2522	3655	3318	4443	4456
2523	3645	3194	4510	4543
2524	3874	3503	4753	4778
2525	3807	3553	4778	4989
2526	3775	3315	4523	4748
2527	3791	3542	4767	4903
2528	3791	3517	4621	4894
2529	3980	3598	5112	5067
2530	3945	3599	5124	5180
2531	3872	3810	5099	5231
2532	3892	3618	4988	4997
2533	3781	3426	4900	4904
2534	3825	3580	4849	5099
2535	3823	3536	4773	5068
2536	3742	3601	4625	5073
2537	3753	3614	4769	4896
2538	3847	3373	5150	5315
2539	3716	3448	4705	4952
2540	3706	3299	4810	5236
2541	3589	3332	4609	4838
2542	3721	3214	4689	4862
2543	3754	3184	4756	4951
2544	3541	3419	4610	4898
2545	3664	3375	4737	4933
2546	3871	3504	5058	5457
2547	4087	3563	4996	5274
2548	3828	3417	5063	5460
2549	3841	3504	5047	5108
2550	3925	3474	5208	5547
2551	3819	3634	5051	5438
2552	3798	3617	4855	5158
2553	3756	3340	4885	5219
2554	3852	3329	5035	5171
2555	3912	3426	5148	5256
2556	3811	3625	5260	5662
2557	3731	3382	5043	5247
2558	3779	3564	5239	5443
2559	3962	3559	5150	5276
2560	4074	3648	5437	5722
2561	4195	3840	5870	5950
2562	4003	3775	5745	5973
2563	4189	3674	5822	5975
2564	4032	3713	5488	5556
2565	3953	3645	5449	5579
2566	3880	3706	5112	5597
2567	3982	3706	5404	5481
2568	4032	3711	5519	5696
2569	4276	3995	6203	5914
2570	4099	3814	5626	5807
2571	3945	3621	5535	5446
2572	3902	3620	5170	5175
2573	3997	3788	5648	5896
2574	4233	3837	5713	5801
2575	4239	4114	5633	5824
2576	4023	4015	5858	5521
2577	3973	3955	5712	5661
2578	4170	3922	5590	5714
2579	3981	3507	5482	5466
2580	4262	3560	5685	5589
2581	4260	3585	5676	5580
2582	4211	3759	6011	5975
2583	4417	4017	6091	6009
2584	4225	3713	6036	6081
2585	4474	4339	6708	6448
2586	4175	3738	6052	5989
2587	4596	4024	6560	6445
2588	4647	3863	7058	6893
2589	4796	3854	7496	7278
2590	5035	4251	8758	7796
2591	5073	3988	8387	7626
2592	4995	4073	8872	7663
2593	4489	3911	6790	6564
2594	4589	4064	8077	7071
2595	4301	3762	6817	6603
2596	4261	3923	6861	6034
2597	4674	4216	7895	6840
2598	4516	4238	7688	6657
2599	4368	3953	7228	6211
2600	4264	3986	7260	6041
2601	3925	3505	5567	5221
2602	4109	3848	5847	5207
2603	3997	3617	5697	5373
2604	4170	3932	6078	5550
2605	4032	3705	5997	5716
2606	3962	3694	5565	5561
2607	3883	3375	5420	5471
2608	3829	3277	5287	5383
2609	3690	3340	5153	5152
2610	3807	3265	5313	5428
2611	4070	3215	5148	5263
2612	3969	3262	5304	5316
2613	4034	3339	5547	5816
2614	3959	3371	5491	5666
2615	3945	3296	5705	5726
2616	4204	3322	6001	6086
2617	4192	3272	6440	6436
2618	4159	3225	5925	5951
2619	3963	3289	5373	5477
2620	3822	3395	5867	6025
2621	4056	3411	5684	5875
2622	4159	3448	5694	5863
2623	3850	3187	5296	5565
2624	3808	3224	5024	4951
2625	3515	3068	4777	4699
2626	3728	3222	4885	4870
2627	3741	3112	4978	4993
2628	3615	2944	4705	4644
2629	3507	2975	4696	5037
2630	3687	3010	5123	5073
2631	3785	3123	5268	5371
2632	3881	3069	5336	5598
2633	3946	3225	5255	5265
2634	3767	3117	4854	4965
2635	3749	2971	4792	4932
2636	3856	3079	5024	5063
2637	3746	2947	4757	5137
2638	3676	2990	4665	4914
2639	3702	3034	5065	5383
2640	3678	2991	4977	5040
2641	3848	2874	4949	5018
2642	3801	2977	5035	5086
2643	3724	2956	4712	4783
2644	3790	2797	4700	5088
2645	3663	2850	4814	5043
2646	3921	3020	5456	5714
2647	4091	2981	5837	6270
2648	3935	2992	5583	5449
2649	4614	3240	6859	7495
2650	3720	2960	4998	4992
2651	3702	3104	5045	5203
2652	3763	2965	5112	5089
2653	3930	2871	5327	5478
2654	3356	2865	4686	4677
2655	3554	2683	4440	4604
2656	3283	2784	4220	4198
2657	3532	2649	4513	4642
2658	3543	2789	4834	4980
2659	3460	2628	4741	4887
2660	3886	2853	6056	5907
2661	3612	2640	4626	4631
2662	3498	2871	4900	4900
2663	3423	2836	4817	4843
2664	3620	2794	5116	5014
2665	3479	2796	4480	4517
2666	3390	2708	4522	4469
2667	3379	2765	4312	4236
2668	3396	2587	4144	4263
2669	3310	2607	4083	4222
2670	3348	2587	4169	4475
2671	3665	2807	4464	4578
2672	3405	2813	4441	4672
2673	3583	2805	4840	5016
2674	3364	2908	4313	4657
2675	3546	2735	4555	5003
2676	3216	2801	3918	3934
2677	3151	2508	3800	3929
2678	3233	2651	4022	4327
2679	3330	2648	4078	4446
2680	3334	2766	4528	5004
2681	3394	2615	4261	4853
2682	3162	2603	4042	4488
2683	3332	2591	3808	4048
2684	3393	2599	3873	4430
2685	3245	2563	4031	4285
2686	3443	2685	4008	4468
2687	3372	2582	3982	4434
2688	3281	2729	3993	4331
2689	3368	2693	3964	4417
2690	3509	2759	4544	5085
2691	3335	2719	3995	4216
2692	3320	2709	4117	4373
2693	3280	2775	4162	4527
2694	3237	2602	4445	5067
2695	3319	2775	4152	4586
2696	NA	2691	4951	5501
2697	NA	2660	4145	4357
2698	NA	2563	3918	4187
2699	NA	2734	4064	4283
2700	NA	2626	4062	4246
2701	NA	2673	4057	4189
2702	NA	2691	4156	4281
2703	NA	2727	4056	4382
2704	NA	2651	3913	4351
2705	NA	2742	4411	4661
2706	NA	2716	4195	4115
2707	NA	2679	4284	4389
2708	NA	2719	4292	4339
2709	NA	2803	4270	4592
2710	NA	2661	3918	4366
2711	NA	2709	4057	4235
2712	NA	2646	3986	4447
2713	NA	2708	4341	4634
2714	NA	2885	4603	4757
2715	NA	2838	4794	5118
2716	NA	2707	4586	4776
2717	NA	2809	4678	4674
2718	NA	2746	4176	4250
2719	NA	2716	4279	4347
2720	NA	2674	4192	4137
2721	NA	2712	4401	4342
2722	NA	2780	4446	4611
2723	NA	2693	4330	4290
2724	NA	2894	4794	4997
2725	NA	2799	4548	4611
2726	NA	2796	4281	4196
2727	NA	2578	3999	4074
2728	NA	2629	3878	4014
2729	NA	2816	3952	4315
2730	NA	2812	4081	4403
2731	NA	2816	4620	4528
2732	NA	2755	5229	5143
2733	NA	2810	4760	4536
2734	NA	3011	6656	6381
2735	NA	2806	4074	4058
2736	NA	2838	4010	4038
2737	NA	2778	3826	4063
2738	NA	2991	4319	4457
2739	NA	2753	3993	4177
2740	NA	3058	4316	4693
2741	NA	2940	4052	4393
2742	NA	2813	4040	4001
2743	NA	2797	4069	4346
2744	NA	3047	3924	4018
2745	NA	2925	3693	3932
2746	NA	2799	3740	3996
2747	NA	2844	4042	4013
2748	NA	2792	3898	4017
2749	NA	3027	3991	3981
2750	NA	2812	4016	4130
2751	NA	2832	3878	3911
2752	NA	2740	3842	3858
2753	NA	2661	3766	3967
2754	NA	2835	3857	4028
2755	NA	2796	3792	3915
2756	NA	2809	3714	3803
2757	NA	2751	3749	3915
2758	NA	2806	3706	3788
2759	NA	2707	3669	3987
2760	NA	2625	3767	3839
2761	NA	2591	3746	3813
2762	NA	2676	3802	3932
2763	NA	2620	3736	3745
2764	NA	2675	3689	3789
2765	NA	2766	3711	3637
2766	NA	2760	3621	3879
2767	NA	2642	3899	3862
2768	NA	2735	3803	3792
2769	NA	2625	3834	3651
2770	NA	2604	3737	3798
2771	NA	2690	3598	3788
2772	NA	2775	3660	3793
2773	NA	2726	3735	3703
2774	NA	2519	3546	3746
2775	NA	2692	3754	3771
2776	NA	2635	3688	3788
2777	NA	2577	3623	3625
2778	NA	2708	3651	3593
2779	NA	2610	3667	3794
2780	NA	2543	3521	3653
2781	NA	2631	3624	3724
2782	NA	2724	3743	3677
2783	NA	2597	3630	3708
2784	NA	2413	3558	3505
2785	NA	2607	3663	3884
2786	NA	2486	3625	3607
2787	NA	2593	3518	3607
2788	NA	2758	4169	3914
2789	NA	2734	3745	3737
2790	NA	2637	3787	3757
2791	NA	2651	3793	3610
2792	NA	2641	3881	3703
2793	NA	2493	3766	3565
2794	NA	2557	3626	3692
2795	NA	2611	3639	3761
2796	NA	2632	3702	3788
2797	NA	2647	3664	3802
2798	NA	2412	3429	3586
2799	NA	2501	3506	3728
2800	NA	2578	3519	3650
2801	NA	2515	3585	3614
2802	NA	2631	3710	3710
2803	NA	2688	3626	3595
2804	NA	2561	3618	3675
2805	NA	2522	3507	3450
2806	NA	2602	3515	3519
2807	NA	2458	3700	3505
2808	NA	2547	3730	3697
2809	NA	2517	3579	3495
2810	NA	2522	3526	3668
2811	NA	2398	3551	3522
2812	NA	2375	3508	3517
2813	NA	2540	3611	3628
2814	NA	2549	3626	3577
2815	NA	2557	3872	3914
2816	NA	2538	3506	3525
2817	NA	2367	3546	3388
2818	NA	2503	3468	3530
2819	NA	2408	3580	3534
2820	NA	2508	3598	3519
2821	NA	2431	3666	3686
2822	NA	2567	3663	3541
2823	NA	2424	3581	3642
2824	NA	2467	3443	3454
2825	NA	2402	3523	3605
2826	NA	2320	3452	3520
2827	NA	2505	3394	3332
2828	NA	2511	3569	3545
2829	NA	2585	3761	3778
2830	NA	2484	3496	3673
2831	NA	2467	3827	3780
2832	NA	2647	3829	3976
2833	NA	2446	3570	3667
2834	NA	2593	3642	3773
2835	NA	2495	3577	3606
2836	NA	2531	3650	3647
2837	NA	2441	3581	3570
2838	NA	2588	3735	3649
2839	NA	2537	3733	3571
2840	NA	2573	3822	3923
2841	NA	2499	3701	3785
2842	NA	2440	3718	3650
2843	NA	2432	3740	3756
2844	NA	2373	3740	3750
2845	NA	2428	3608	3811
2846	NA	2590	3756	3906
2847	NA	2396	3649	3662
2848	NA	2432	3796	3811
2849	NA	2448	3646	3801
2850	NA	2410	3721	3838
2851	NA	2423	3615	3562
2852	NA	2506	3771	3906
2853	NA	2539	3838	4040
2854	NA	2482	3832	3921
2855	NA	2500	3731	3818
2856	NA	2411	3713	3572
2857	NA	2547	3918	4049
2858	NA	2406	3439	3686
2859	NA	2449	3699	3881
2860	NA	2456	3585	3950
2861	NA	2430	3581	3702
2862	NA	2476	3612	3796
2863	NA	2314	3783	3739
2864	NA	2436	3636	3872
2865	NA	2430	3640	3806
2866	NA	2575	3887	3792
2867	NA	2653	3803	4095
2868	NA	2553	3726	3990
2869	NA	2661	3861	4001
2870	NA	2575	3805	3873
2871	NA	2522	3691	4099
2872	NA	2519	3807	3935
2873	NA	2252	3579	3857
2874	NA	2430	3611	3701
2875	NA	2352	3726	3845
2876	NA	2367	3582	3840
2877	NA	2480	3660	3793
2878	NA	2418	3701	3839
2879	NA	2430	3567	3731
2880	NA	2344	3880	3963
2881	NA	2572	3934	4148
2882	NA	2334	3796	4045
2883	NA	2459	3635	3949
2884	NA	2368	3630	3814
2885	NA	2404	3835	3751
2886	NA	2522	3810	3985
2887	NA	2411	3692	3883
2888	NA	2339	3786	3879
2889	NA	NA	3419	3764
2890	NA	NA	3734	3853
2891	NA	NA	3733	3818
2892	NA	NA	3649	3650
2893	NA	NA	3730	3934
2894	NA	NA	3726	3679
2895	NA	NA	3616	3735
2896	NA	NA	3981	3933
2897	NA	NA	3501	3601
2898	NA	NA	3670	3782
2899	NA	NA	3411	3725
2900	NA	NA	3565	3669
2901	NA	NA	3455	3613
2902	NA	NA	3483	3686
2903	NA	NA	3546	3534
2904	NA	NA	3515	3489
2905	NA	NA	3638	3923
2906	NA	NA	3495	3797
2907	NA	NA	3633	3763
2908	NA	NA	3763	3981
2909	NA	NA	3535	3538
2910	NA	NA	3501	3686
2911	NA	NA	3334	3631
2912	NA	NA	3458	3543
2913	NA	NA	3976	4088
2914	NA	NA	3518	3727
2915	NA	NA	3666	3977
2916	NA	NA	3622	3722
2917	NA	NA	3597	3799
2918	NA	NA	3615	3736
2919	NA	NA	3443	3708
2920	NA	NA	3905	4505
2921	NA	NA	3384	3757
2922	NA	NA	3451	3662
2923	NA	NA	3447	3741
2924	NA	NA	3617	3615
2925	NA	NA	3737	3732
2926	NA	NA	3423	3683
2927	NA	NA	3754	3830
2928	NA	NA	3743	3913
2929	NA	NA	3545	3843
2930	NA	NA	3654	4188
2931	NA	NA	3632	3848
2932	NA	NA	3570	3783
2933	NA	NA	3615	3677
2934	NA	NA	3563	3826
2935	NA	NA	3807	3888
2936	NA	NA	3649	3978
2937	NA	NA	3706	3972
2938	NA	NA	3713	3846
2939	NA	NA	3688	3692
2940	NA	NA	3471	3672
2941	NA	NA	3478	3800
2942	NA	NA	3487	3776
2943	NA	NA	3644	3946
2944	NA	NA	3554	3758
2945	NA	NA	3629	3827
2946	NA	NA	3452	3678
2947	NA	NA	3662	4079
2948	NA	NA	3544	4076
2949	NA	NA	3816	4485
2950	NA	NA	3612	4081
2951	NA	NA	3792	3870
2952	NA	NA	3886	4063
2953	NA	NA	3653	3868
2954	NA	NA	3700	4036
2955	NA	NA	3765	4000
2956	NA	NA	4000	4326
2957	NA	NA	3980	4547
2958	NA	NA	4172	4307
2959	NA	NA	5007	5766
2960	NA	NA	3858	4095
2961	NA	NA	3742	3914
2962	NA	NA	3542	3839
2963	NA	NA	3791	3782
2964	NA	NA	3659	3977
2965	NA	NA	3740	4383
2966	NA	NA	3581	3594
2967	NA	NA	3672	3729
2968	NA	NA	3601	3680
2969	NA	NA	3493	3702
2970	NA	NA	3488	3571
2971	NA	NA	3552	3670
2972	NA	NA	3287	3677
2973	NA	NA	3330	3657
2974	NA	NA	3508	4014
2975	NA	NA	3575	3696
2976	NA	NA	3653	3909
2977	NA	NA	3759	3623
2978	NA	NA	3594	3832
2979	NA	NA	3468	3688
2980	NA	NA	3655	3751
2981	NA	NA	3541	3770
2982	NA	NA	3747	3708
2983	NA	NA	3821	3969
2984	NA	NA	3614	3685
2985	NA	NA	4052	4029
2986	NA	NA	3876	3708
2987	NA	NA	4175	4084
2988	NA	NA	3763	3854
2989	NA	NA	3640	3606
2990	NA	NA	3607	3724
2991	NA	NA	4028	3950
2992	NA	NA	3604	3677
2993	NA	NA	3703	3768
2994	NA	NA	3857	3768
2995	NA	NA	3594	3670
2996	NA	NA	3701	3821
2997	NA	NA	3778	3802
2998	NA	NA	3741	3775
2999	NA	NA	3845	3766
3000	NA	NA	3760	3692
3001	NA	NA	3704	3900
3002	NA	NA	3783	3761
3003	NA	NA	3746	3887
3004	NA	NA	3734	3727
3005	NA	NA	3775	3974
3006	NA	NA	3819	3827
3007	NA	NA	4047	4089
3008	NA	NA	3737	3937
3009	NA	NA	3820	3869
3010	NA	NA	3760	3707
3011	NA	NA	3733	3969
3012	NA	NA	3738	3831
3013	NA	NA	3658	3888
3014	NA	NA	3782	4045
3015	NA	NA	3768	4083
3016	NA	NA	3825	4006
3017	NA	NA	3950	3875
3018	NA	NA	3708	4291
3019	NA	NA	3866	3817
3020	NA	NA	3755	3980
3021	NA	NA	3915	3958
3022	NA	NA	4113	4234
3023	NA	NA	3772	3907
3024	NA	NA	3578	3980
3025	NA	NA	3703	3902
3026	NA	NA	3668	3894
3027	NA	NA	3637	3782
3028	NA	NA	3796	4056
3029	NA	NA	3854	4119
3030	NA	NA	3780	4282
3031	NA	NA	3983	4034
3032	NA	NA	4323	4532
3033	NA	NA	3800	3858
3034	NA	NA	3623	3941
3035	NA	NA	3922	4188
3036	NA	NA	3568	3807
3037	NA	NA	3684	3695
3038	NA	NA	3817	3791
3039	NA	NA	3701	3766
3040	NA	NA	3932	3939
3041	NA	NA	3940	4025
3042	NA	NA	3856	3919
3043	NA	NA	3787	3948
3044	NA	NA	3750	3762
3045	NA	NA	3895	4093
3046	NA	NA	3862	3791
3047	NA	NA	3986	4040
3048	NA	NA	3971	4054
3049	NA	NA	4040	4056
3050	NA	NA	4301	4070
3051	NA	NA	4096	3964
3052	NA	NA	3848	4045
3053	NA	NA	3980	4165
3054	NA	NA	4187	4000
3055	NA	NA	4232	4288
3056	NA	NA	4271	4392
3057	NA	NA	4283	4245
3058	NA	NA	4096	4091
3059	NA	NA	4185	4431
3060	NA	NA	4151	4545
3061	NA	NA	4429	4705
3062	NA	NA	4157	4439
3063	NA	NA	4377	4611
3064	NA	NA	3827	4229
3065	NA	NA	4294	4235
3066	NA	NA	3999	3978
3067	NA	NA	4058	4147
3068	NA	NA	4174	4332
3069	NA	NA	4158	4151
3070	NA	NA	4234	4531
3071	NA	NA	4092	4423
3072	NA	NA	4258	4477
3073	NA	NA	4326	4374
3074	NA	NA	4127	4520
3075	NA	NA	4185	4262
3076	NA	NA	4070	4153
3077	NA	NA	3849	4239
3078	NA	NA	3889	4281
3079	NA	NA	3927	4544
3080	NA	NA	4079	4373
3081	NA	NA	4007	4214
3082	NA	NA	3992	4153
3083	NA	NA	4082	4197
3084	NA	NA	3968	4134
3085	NA	NA	4270	4643
3086	NA	NA	4096	4196
3087	NA	NA	3935	4122
3088	NA	NA	4183	4541
3089	NA	NA	4410	4553
3090	NA	NA	4100	4382
3091	NA	NA	3890	4255
3092	NA	NA	4102	4259
3093	NA	NA	4026	4090
3094	NA	NA	3795	4160
3095	NA	NA	3806	4150
3096	NA	NA	3915	4001
3097	NA	NA	3918	4029
3098	NA	NA	4196	4267
3099	NA	NA	3883	4185
3100	NA	NA	4037	4245
3101	NA	NA	4149	4181
3102	NA	NA	4002	4022
3103	NA	NA	3881	3900
3104	NA	NA	3667	3802
3105	NA	NA	3804	3989
3106	NA	NA	4077	3895
3107	NA	NA	3792	3924
3108	NA	NA	3709	3912
3109	NA	NA	3728	3903
3110	NA	NA	3506	3760
3111	NA	NA	3790	3879
3112	NA	NA	3412	3651
3113	NA	NA	3701	3822
3114	NA	NA	3518	3456
3115	NA	NA	3725	3866
3116	NA	NA	3730	3722
3117	NA	NA	3864	4164
3118	NA	NA	4037	3917
3119	NA	NA	3915	3932
3120	NA	NA	4157	3973
3121	NA	NA	4467	4005
3122	NA	NA	3450	3484
3123	NA	NA	3588	3629
3124	NA	NA	3896	3623
3125	NA	NA	3718	3600
3126	NA	NA	3596	3673
3127	NA	NA	3816	3876
3128	NA	NA	3675	3669
3129	NA	NA	3515	3472
3130	NA	NA	3600	3517
3131	NA	NA	3653	3701
3132	NA	NA	3544	3671
3133	NA	NA	3864	3793
3134	NA	NA	3567	3645
3135	NA	NA	3688	3694
3136	NA	NA	3602	3577
3137	NA	NA	3420	3639
3138	NA	NA	3395	3482
3139	NA	NA	3483	3431
3140	NA	NA	3303	3266
3141	NA	NA	3453	3348
3142	NA	NA	3519	3759
3143	NA	NA	3645	3667
3144	NA	NA	3462	3592
3145	NA	NA	3496	3498
3146	NA	NA	3234	3366
3147	NA	NA	3209	3440
3148	NA	NA	3563	3808
3149	NA	NA	3439	3800
3150	NA	NA	3606	3876
3151	NA	NA	3499	3543
3152	NA	NA	3448	3503
3153	NA	NA	3424	3629
3154	NA	NA	3450	3593
3155	NA	NA	3699	3692
3156	NA	NA	3442	3704
3157	NA	NA	3423	3723
3158	NA	NA	3407	3578
3159	NA	NA	3447	3522
3160	NA	NA	3398	3350
3161	NA	NA	3218	3385
3162	NA	NA	3425	3469
3163	NA	NA	3273	3457
3164	NA	NA	3356	3618
3165	NA	NA	3223	3214
3166	NA	NA	3222	3174
3167	NA	NA	3068	3304
3168	NA	NA	3236	3226
3169	NA	NA	3202	3393
3170	NA	NA	3223	3231
3171	NA	NA	3064	3574
3172	NA	NA	3067	3191
3173	NA	NA	3249	3399
3174	NA	NA	2951	3178
3175	NA	NA	3205	3483
3176	NA	NA	3057	3230
3177	NA	NA	3289	3467
3178	NA	NA	3173	3286
3179	NA	NA	3095	3144
3180	NA	NA	3028	3314
3181	NA	NA	3347	3332
3182	NA	NA	3121	3235
3183	NA	NA	3153	3143
3184	NA	NA	3234	3366
3185	NA	NA	3227	3257
3186	NA	NA	3527	3580
3187	NA	NA	3664	3646
3188	NA	NA	3271	3513
3189	NA	NA	3176	3255
3190	NA	NA	3226	3211
3191	NA	NA	3079	3125
3192	NA	NA	3133	3374
3193	NA	NA	3450	3448
3194	NA	NA	3179	3257
3195	NA	NA	3127	3124
3196	NA	NA	3065	3235
3197	NA	NA	3117	3378
3198	NA	NA	3234	3234
3199	NA	NA	3194	3129
3200	NA	NA	3146	3430
3201	NA	NA	3044	3148
3202	NA	NA	3112	3246
3203	NA	NA	3017	3217
3204	NA	NA	3250	3301
3205	NA	NA	3076	3256
3206	NA	NA	3276	3295
3207	NA	NA	3126	3263
3208	NA	NA	3186	3273
3209	NA	NA	2983	3255
3210	NA	NA	3294	3200
3211	NA	NA	3244	3295
3212	NA	NA	3140	3232
3213	NA	NA	3173	3311
3214	NA	NA	3211	3303
3215	NA	NA	3275	3303
3216	NA	NA	3423	3540
3217	NA	NA	3286	3349
3218	NA	NA	3444	3389
3219	NA	NA	3355	3380
3220	NA	NA	3221	3393
3221	NA	NA	3288	3386
3222	NA	NA	3330	3525
3223	NA	NA	3214	3335
3224	NA	NA	3442	3360
3225	NA	NA	3415	3311
3226	NA	NA	3440	3365
3227	NA	NA	3256	3461
3228	NA	NA	3164	3395
3229	NA	NA	3216	3349
3230	NA	NA	3247	3482
3231	NA	NA	3378	3451
3232	NA	NA	3290	3436
3233	NA	NA	3262	3445
3234	NA	NA	3213	3435
3235	NA	NA	3282	3440
3236	NA	NA	3209	3330
3237	NA	NA	3470	3356
3238	NA	NA	3237	3290
3239	NA	NA	3282	3307
3240	NA	NA	3487	3224
3241	NA	NA	3140	3364
3242	NA	NA	3288	3286
3243	NA	NA	3181	3319
3244	NA	NA	3284	3114
3245	NA	NA	3087	3163
3246	NA	NA	3304	3244
3247	NA	NA	3285	3414
3248	NA	NA	3362	3466
3249	NA	NA	3355	3315
3250	NA	NA	3164	3220
3251	NA	NA	3311	3330
3252	NA	NA	3272	3176
3253	NA	NA	3368	3243
3254	NA	NA	3500	3407
3255	NA	NA	3421	3267
3256	NA	NA	3342	3350
3257	NA	NA	3444	3420
3258	NA	NA	3337	3305
3259	NA	NA	3198	3089
3260	NA	NA	3409	3397
3261	NA	NA	3354	3263
3262	NA	NA	3405	3390
3263	NA	NA	3497	3333
3264	NA	NA	3381	3280
3265	NA	NA	3450	3299
3266	NA	NA	3287	3187
3267	NA	NA	3308	3108
3268	NA	NA	3258	3160
3269	NA	NA	3383	3134
3270	NA	NA	3258	3257
3271	NA	NA	3470	3137
3272	NA	NA	3312	3242
3273	NA	NA	3286	3225
3274	NA	NA	3316	3235
3275	NA	NA	3344	3253
3276	NA	NA	3304	3259
3277	NA	NA	3342	3211
3278	NA	NA	3134	3219
3279	NA	NA	3334	3350
3280	NA	NA	3367	3465
3281	NA	NA	3175	3131
3282	NA	NA	3352	3085
3283	NA	NA	3166	3166
3284	NA	NA	3255	3064
3285	NA	NA	3078	3119
3286	NA	NA	3156	3112
3287	NA	NA	3246	2988
3288	NA	NA	3312	2993
3289	NA	NA	3143	3091
3290	NA	NA	3266	3122
3291	NA	NA	3265	3209
3292	NA	NA	3359	3139
3293	NA	NA	3160	3139
3294	NA	NA	3107	3125
3295	NA	NA	3180	3220
3296	NA	NA	3319	3076
3297	NA	NA	3346	3133
3298	NA	NA	3308	3288
3299	NA	NA	3378	3223
3300	NA	NA	3406	3230
3301	NA	NA	3171	3104
3302	NA	NA	3269	3092
3303	NA	NA	3218	3288
3304	NA	NA	3370	3325
3305	NA	NA	3184	3198
3306	NA	NA	3245	2977
3307	NA	NA	3117	3084
3308	NA	NA	3270	3147
3309	NA	NA	3156	3139
3310	NA	NA	3365	3163
3311	NA	NA	3173	3133
3312	NA	NA	3341	3254
3313	NA	NA	3079	2948
3314	NA	NA	3188	3077
3315	NA	NA	3223	3034
3316	NA	NA	3316	3085
3317	NA	NA	3399	3280
3318	NA	NA	3166	3204
3319	NA	NA	3252	3211
3320	NA	NA	3228	3060
3321	NA	NA	3233	3185
3322	NA	NA	3629	3332
3323	NA	NA	3460	3309
3324	NA	NA	3592	3302
3325	NA	NA	3206	3149
3326	NA	NA	3446	3467
3327	NA	NA	3473	3397
3328	NA	NA	3438	3200
3329	NA	NA	3242	3367
3330	NA	NA	3321	3324
3331	NA	NA	3618	3297
3332	NA	NA	3567	3155
3333	NA	NA	3557	3555
3334	NA	NA	3503	3225
3335	NA	NA	3540	3580
3336	NA	NA	3659	3463
3337	NA	NA	3502	3372
3338	NA	NA	3380	3322
3339	NA	NA	3446	3319
3340	NA	NA	3460	3306
3341	NA	NA	3584	3605
3342	NA	NA	4175	3576
3343	NA	NA	4993	4015
3344	NA	NA	3756	3468
3345	NA	NA	3491	3448
3346	NA	NA	3683	3404
3347	NA	NA	3639	3391
3348	NA	NA	3926	3564
3349	NA	NA	3699	3364
3350	NA	NA	3507	3348
3351	NA	NA	3327	3297
3352	NA	NA	3243	3325
3353	NA	NA	3546	3409
3354	NA	NA	3582	3323
3355	NA	NA	3547	3430
3356	NA	NA	3593	3419
3357	NA	NA	3383	3164
3358	NA	NA	3330	3394
3359	NA	NA	3557	3297
3360	NA	NA	3621	3404
3361	NA	NA	3537	3387
3362	NA	NA	3635	3423
3363	NA	NA	3544	3402
3364	NA	NA	3420	3226
3365	NA	NA	3318	3077
3366	NA	NA	3387	3373
3367	NA	NA	3454	3380
3368	NA	NA	3531	3249
3369	NA	NA	3431	3344
3370	NA	NA	3566	3428
3371	NA	NA	3513	3450
3372	NA	NA	3586	3370
3373	NA	NA	3557	3432
3374	NA	NA	3704	3522
3375	NA	NA	3541	3717
3376	NA	NA	3531	3482
3377	NA	NA	3610	3471
3378	NA	NA	3342	3415
3379	NA	NA	3455	3311
3380	NA	NA	3435	3265
3381	NA	NA	3345	3381
3382	NA	NA	3653	3514
3383	NA	NA	3530	3668
3384	NA	NA	3662	3609
3385	NA	NA	3387	3334
3386	NA	NA	3214	3263
3387	NA	NA	3304	3251
3388	NA	NA	3469	3570
3389	NA	NA	3349	3454
3390	NA	NA	3206	3135
3391	NA	NA	3225	3537
3392	NA	NA	3215	3276
3393	NA	NA	3230	3170
3394	NA	NA	3183	3146
3395	NA	NA	3363	3314
3396	NA	NA	3224	3289
3397	NA	NA	3040	3154
3398	NA	NA	3242	3062
3399	NA	NA	3256	3195
3400	NA	NA	3320	3292
3401	NA	NA	3139	3019
3402	NA	NA	3271	3260
3403	NA	NA	3155	3119
3404	NA	NA	3218	3192
3405	NA	NA	3168	3241
3406	NA	NA	3085	3158
3407	NA	NA	3074	3066
3408	NA	NA	3095	3081
3409	NA	NA	3230	3010
3410	NA	NA	3095	2953
3411	NA	NA	3247	3200
3412	NA	NA	3229	3131
3413	NA	NA	3224	3056
3414	NA	NA	3151	3143
3415	NA	NA	3127	2905
3416	NA	NA	3010	3105
3417	NA	NA	3128	3202
3418	NA	NA	3178	3162
3419	NA	NA	2946	2879
3420	NA	NA	3073	3213
3421	NA	NA	3130	2993
3422	NA	NA	3120	2956
3423	NA	NA	3015	2968
3424	NA	NA	3204	3180
3425	NA	NA	3337	3225
3426	NA	NA	2922	2967
3427	NA	NA	3245	3207
3428	NA	NA	3094	3150
3429	NA	NA	3130	3238
3430	NA	NA	2938	2906
3431	NA	NA	3043	3126
3432	NA	NA	3191	2982
3433	NA	NA	2981	2954
3434	NA	NA	3139	3039
3435	NA	NA	2934	3095
3436	NA	NA	2934	3127
3437	NA	NA	3122	2912
3438	NA	NA	3103	2961
3439	NA	NA	2995	2986
3440	NA	NA	2911	3193
3441	NA	NA	2921	3012
3442	NA	NA	2911	3138
3443	NA	NA	3117	3086
3444	NA	NA	2951	3136
3445	NA	NA	3075	3055
3446	NA	NA	3189	3240
3447	NA	NA	3171	3087
3448	NA	NA	3050	3191
3449	NA	NA	3011	2983
3450	NA	NA	2804	3003
3451	NA	NA	3127	2924
3452	NA	NA	3092	3283
3453	NA	NA	2993	2967
3454	NA	NA	2933	3002
3455	NA	NA	3039	3004
3456	NA	NA	3016	3144
3457	NA	NA	2970	2913
3458	NA	NA	3014	2978
3459	NA	NA	2960	2832
3460	NA	NA	2759	2839
3461	NA	NA	3027	2901
3462	NA	NA	2823	2935
3463	NA	NA	2852	2765
3464	NA	NA	2997	3044
3465	NA	NA	2989	2975
3466	NA	NA	2833	2796
3467	NA	NA	3107	3005
3468	NA	NA	2913	2898
3469	NA	NA	2957	3074
3470	NA	NA	2866	2814
3471	NA	NA	3170	3594
3472	NA	NA	2945	2735
3473	NA	NA	2911	2915
3474	NA	NA	2809	2795
3475	NA	NA	2877	2835
3476	NA	NA	2824	2821
3477	NA	NA	2851	2757
3478	NA	NA	2807	2764
3479	NA	NA	2676	2747
3480	NA	NA	2719	2816
3481	NA	NA	2780	2632
3482	NA	NA	2931	2814
3483	NA	NA	2985	2773
3484	NA	NA	2892	2879
3485	NA	NA	2945	2818
3486	NA	NA	3029	2991
3487	NA	NA	2978	3032
3488	NA	NA	2960	2991
3489	NA	NA	3020	3038
3490	NA	NA	2877	2764
3491	NA	NA	2716	2773
3492	NA	NA	2817	2818
3493	NA	NA	2832	2809
3494	NA	NA	2921	2829
3495	NA	NA	2744	2818
3496	NA	NA	2846	2580
3497	NA	NA	2711	2712
3498	NA	NA	2682	2790
3499	NA	NA	2680	2681
3500	NA	NA	2705	2691
3501	NA	NA	2743	2789
3502	NA	NA	2718	2650
3503	NA	NA	2665	2572
3504	NA	NA	2628	2647
3505	NA	NA	2639	2612
3506	NA	NA	2796	2718
3507	NA	NA	2855	2770
3508	NA	NA	2661	2658
3509	NA	NA	2652	2653
3510	NA	NA	2791	2681
3511	NA	NA	2642	2858
3512	NA	NA	2690	2663
3513	NA	NA	2696	2570
3514	NA	NA	2619	2594
3515	NA	NA	2585	2658
3516	NA	NA	2490	2645
3517	NA	NA	2677	2700
3518	NA	NA	2567	2732
3519	NA	NA	2605	2663
3520	NA	NA	2599	2543
3521	NA	NA	2673	2668
3522	NA	NA	2507	2616
3523	NA	NA	2709	2558
3524	NA	NA	2511	2638
3525	NA	NA	2437	2540
3526	NA	NA	2629	2626
3527	NA	NA	2625	2617
3528	NA	NA	2674	2461
3529	NA	NA	2594	2568
3530	NA	NA	2499	2566
3531	NA	NA	2615	2629
3532	NA	NA	2620	2566
3533	NA	NA	2584	2443
3534	NA	NA	2668	2531
3535	NA	NA	2648	2633
3536	NA	NA	2694	2646
3537	NA	NA	2629	2510
3538	NA	NA	2785	2675
3539	NA	NA	2760	2739
3540	NA	NA	2605	2794
3541	NA	NA	2576	2528
3542	NA	NA	2646	2529
3543	NA	NA	2605	2418
3544	NA	NA	2678	2588
3545	NA	NA	2642	2573
3546	NA	NA	2653	2535
3547	NA	NA	2414	2426
3548	NA	NA	2497	2473
3549	NA	NA	2569	2509
3550	NA	NA	2501	2506
3551	NA	NA	2547	2530
3552	NA	NA	2512	2493
3553	NA	NA	2558	2512
3554	NA	NA	2638	2453
3555	NA	NA	2615	2534
3556	NA	NA	2595	2360
3557	NA	NA	2633	2423
3558	NA	NA	2634	2389
3559	NA	NA	2610	2549
3560	NA	NA	2633	2577
3561	NA	NA	2677	2456
3562	NA	NA	2602	2570
3563	NA	NA	2598	2505
3564	NA	NA	2582	2491
3565	NA	NA	2641	2415
3566	NA	NA	2618	2428
3567	NA	NA	2587	2439
3568	NA	NA	2740	2517
3569	NA	NA	2549	2562
3570	NA	NA	2610	2670
3571	NA	NA	2588	2483
3572	NA	NA	2656	2514
3573	NA	NA	2606	2495
3574	NA	NA	2509	2436
3575	NA	NA	2616	2521
3576	NA	NA	2615	2680
3577	NA	NA	2635	2568
3578	NA	NA	2628	2518
3579	NA	NA	2673	2529
3580	NA	NA	2709	2576
3581	NA	NA	2555	2449
3582	NA	NA	2537	2484
3583	NA	NA	2458	2527
3584	NA	NA	2537	2508
3585	NA	NA	2640	2565
3586	NA	NA	2389	2487
3587	NA	NA	2581	2562
3588	NA	NA	2523	2557
3589	NA	NA	2602	2615
3590	NA	NA	2596	2579
3591	NA	NA	2500	2358
3592	NA	NA	2498	2534
3593	NA	NA	2447	2542
3594	NA	NA	2556	2550
3595	NA	NA	2347	2356
3596	NA	NA	2661	2454
3597	NA	NA	2562	2423
3598	NA	NA	2548	2373
3599	NA	NA	2604	2485
3600	NA	NA	2569	2535
3601	NA	NA	2516	2354
3602	NA	NA	2556	2302
3603	NA	NA	2380	2480
3604	NA	NA	2542	2430
3605	NA	NA	2547	2592
3606	NA	NA	2541	2499
3607	NA	NA	2659	2618
3608	NA	NA	2557	2632
3609	NA	NA	2693	2540
3610	NA	NA	2717	2552
3611	NA	NA	2715	2446
3612	NA	NA	2655	2628
3613	NA	NA	2669	2533
3614	NA	NA	2710	2507
3615	NA	NA	2621	2537
3616	NA	NA	2721	2605
3617	NA	NA	2730	2768
3618	NA	NA	2948	2602
3619	NA	NA	2808	2705
3620	NA	NA	2710	2698
3621	NA	NA	2558	2513
3622	NA	NA	2511	2484
3623	NA	NA	2610	2579
3624	NA	NA	2578	2341
3625	NA	NA	2558	2414
3626	NA	NA	2696	2600
3627	NA	NA	2627	2474
3628	NA	NA	2615	2704
3629	NA	NA	2684	2661
3630	NA	NA	2561	2687
3631	NA	NA	2873	2713
3632	NA	NA	2658	2634
3633	NA	NA	2842	2806
3634	NA	NA	2821	2770
3635	NA	NA	2802	2957
3636	NA	NA	2935	3016
3637	NA	NA	2930	2929
3638	NA	NA	2891	2826
3639	NA	NA	2726	2900
3640	NA	NA	3057	3047
3641	NA	NA	2977	2849
3642	NA	NA	2914	2894
3643	NA	NA	2989	3049
3644	NA	NA	2998	2985
3645	NA	NA	2708	2894
3646	NA	NA	3049	2780
3647	NA	NA	2862	2850
3648	NA	NA	2881	2882
3649	NA	NA	2967	2895
3650	NA	NA	2895	2758
3651	NA	NA	2990	2943
3652	NA	NA	2841	2657
3653	NA	NA	2884	2900
3654	NA	NA	2748	2729
3655	NA	NA	2845	2768
3656	NA	NA	2803	2820
3657	NA	NA	2791	2858
3658	NA	NA	2832	2892
3659	NA	NA	2830	2650
3660	NA	NA	2926	2822
3661	NA	NA	2795	2764
3662	NA	NA	2894	2807
3663	NA	NA	3080	2901
3664	NA	NA	2688	2604
3665	NA	NA	2688	2832
3666	NA	NA	2911	2859
3667	NA	NA	2715	2750
3668	NA	NA	2840	2815
3669	NA	NA	2867	2781
3670	NA	NA	2890	2701
3671	NA	NA	2894	2682
3672	NA	NA	3126	2762
3673	NA	NA	2839	2611
3674	NA	NA	2946	2776
3675	NA	NA	2819	2793
3676	NA	NA	2970	2700
3677	NA	NA	2996	2807
3678	NA	NA	2908	2678
3679	NA	NA	2780	2731
3680	NA	NA	2899	2748
3681	NA	NA	3080	2656
3682	NA	NA	3011	3040
3683	NA	NA	3146	2867
3684	NA	NA	2876	2725
3685	NA	NA	2976	2721
3686	NA	NA	2786	2647
3687	NA	NA	2844	2587
3688	NA	NA	2726	2608
3689	NA	NA	2869	2667
3690	NA	NA	2722	2612
3691	NA	NA	2733	2636
3692	NA	NA	2912	2846
3693	NA	NA	2878	2656
3694	NA	NA	2699	2619
3695	NA	NA	2929	2625
3696	NA	NA	2693	2591
3697	NA	NA	2648	2487
3698	NA	NA	2584	2528
3699	NA	NA	2573	2613
3700	NA	NA	2675	2547
3701	NA	NA	2658	2653
3702	NA	NA	2721	2648
3703	NA	NA	2802	2642
3704	NA	NA	2626	2690
3705	NA	NA	2642	2449
3706	NA	NA	2907	2575
3707	NA	NA	2589	2684
3708	NA	NA	2872	2466
3709	NA	NA	2768	2506
3710	NA	NA	2773	2517
3711	NA	NA	2821	2663
3712	NA	NA	2848	2606
3713	NA	NA	2860	2892
3714	NA	NA	2696	2587
3715	NA	NA	2855	2609
3716	NA	NA	2849	2582
3717	NA	NA	2906	2735
3718	NA	NA	2825	2610
3719	NA	NA	3053	2911
3720	NA	NA	2843	2618
3721	NA	NA	2868	2943
3722	NA	NA	2806	2755
3723	NA	NA	2886	2822
3724	NA	NA	2904	2723
3725	NA	NA	2978	2969
3726	NA	NA	2875	2800
3727	NA	NA	2838	2690
3728	NA	NA	2792	2745
3729	NA	NA	2610	2520
3730	NA	NA	2878	2751
3731	NA	NA	2855	2624
3732	NA	NA	2768	NA
3733	NA	NA	3077	NA
3734	NA	NA	2806	NA
3735	NA	NA	2940	NA
3736	NA	NA	2767	NA
3737	NA	NA	2871	NA
3738	NA	NA	2933	NA
3739	NA	NA	2700	NA
3740	NA	NA	2821	NA
3741	NA	NA	2801	NA
3742	NA	NA	2769	NA
3743	NA	NA	2773	NA
3744	NA	NA	2817	NA
3745	NA	NA	2687	NA
3746	NA	NA	2652	NA
3747	NA	NA	2747	NA
3748	NA	NA	2626	NA
3749	NA	NA	2888	NA
3750	NA	NA	2735	NA
3751	NA	NA	2717	NA
3752	NA	NA	2795	NA
3753	NA	NA	2757	NA
3754	NA	NA	2789	NA
3755	NA	NA	2812	NA
3756	NA	NA	2820	NA
3757	NA	NA	2821	NA
3758	NA	NA	2786	NA
3759	NA	NA	2895	NA
3760	NA	NA	2746	NA
3761	NA	NA	2779	NA
3762	NA	NA	2664	NA
3763	NA	NA	2661	NA
3764	NA	NA	2743	NA
3765	NA	NA	2754	NA
3766	NA	NA	2924	NA
3767	NA	NA	2733	NA
3768	NA	NA	2654	NA
3769	NA	NA	2704	NA
3770	NA	NA	2594	NA
3771	NA	NA	2799	NA
3772	NA	NA	2795	NA
3773	NA	NA	2750	NA
3774	NA	NA	2702	NA
3775	NA	NA	2559	NA
3776	NA	NA	2622	NA
3777	NA	NA	2649	NA
3778	NA	NA	2768	NA
3779	NA	NA	2711	NA
3780	NA	NA	2627	NA
3781	NA	NA	2423	NA
3782	NA	NA	2485	NA
3783	NA	NA	2610	NA
3784	NA	NA	2731	NA
3785	NA	NA	2788	NA
3786	NA	NA	2660	NA
3787	NA	NA	2505	NA
3788	NA	NA	2585	NA
3789	NA	NA	2732	NA
3790	NA	NA	2586	NA
3791	NA	NA	2596	NA
3792	NA	NA	2684	NA
3793	NA	NA	2580	NA
3794	NA	NA	2547	NA
3795	NA	NA	2755	NA
3796	NA	NA	2624	NA
3797	NA	NA	2659	NA
3798	NA	NA	2531	NA
3799	NA	NA	2510	NA
3800	NA	NA	2485	NA
3801	NA	NA	2629	NA
3802	NA	NA	2562	NA
3803	NA	NA	2606	NA
3804	NA	NA	2592	NA
3805	NA	NA	2545	NA
3806	NA	NA	2560	NA
3807	NA	NA	2491	NA
3808	NA	NA	2563	NA
3809	NA	NA	2594	NA
3810	NA	NA	2669	NA
3811	NA	NA	2598	NA
3812	NA	NA	2529	NA
3813	NA	NA	2616	NA
3814	NA	NA	2683	NA
3815	NA	NA	2826	NA
3816	NA	NA	2468	NA
3817	NA	NA	2538	NA
3818	NA	NA	2565	NA
3819	NA	NA	2561	NA
3820	NA	NA	2726	NA
3821	NA	NA	2577	NA
3822	NA	NA	2728	NA
3823	NA	NA	2577	NA
3824	NA	NA	2724	NA
3825	NA	NA	2623	NA
3826	NA	NA	2607	NA
3827	NA	NA	2606	NA
3828	NA	NA	2720	NA
3829	NA	NA	2524	NA
3830	NA	NA	2583	NA
3831	NA	NA	2588	NA
3832	NA	NA	2643	NA
3833	NA	NA	2569	NA
3834	NA	NA	2731	NA
3835	NA	NA	2711	NA
3836	NA	NA	2798	NA
3837	NA	NA	2869	NA
3838	NA	NA	2705	NA
3839	NA	NA	2709	NA
3840	NA	NA	2941	NA
3841	NA	NA	2608	NA
3842	NA	NA	2597	NA
3843	NA	NA	2516	NA
3844	NA	NA	2521	NA
3845	NA	NA	2584	NA
3846	NA	NA	2729	NA
3847	NA	NA	2864	NA
3848	NA	NA	2611	NA
3849	NA	NA	2904	NA
3850	NA	NA	2742	NA
3851	NA	NA	2586	NA
3852	NA	NA	2676	NA
3853	NA	NA	2536	NA
3854	NA	NA	2436	NA
3855	NA	NA	2500	NA
3856	NA	NA	2422	NA
3857	NA	NA	2356	NA
3858	NA	NA	2479	NA
3859	NA	NA	2632	NA
3860	NA	NA	2416	NA
3861	NA	NA	2461	NA
3862	NA	NA	2309	NA
3863	NA	NA	2480	NA
3864	NA	NA	2309	NA
3865	NA	NA	2408	NA
3866	NA	NA	2379	NA
3867	NA	NA	2347	NA
3868	NA	NA	2503	NA
3869	NA	NA	2401	NA
3870	NA	NA	2630	NA
3871	NA	NA	2401	NA
3872	NA	NA	2437	NA
3873	NA	NA	2424	NA
3874	NA	NA	2511	NA
3875	NA	NA	2363	NA
3876	NA	NA	2438	NA
3877	NA	NA	2490	NA
3878	NA	NA	2604	NA
3879	NA	NA	2372	NA
3880	NA	NA	2341	NA
3881	NA	NA	2326	NA
3882	NA	NA	2445	NA
3883	NA	NA	2558	NA
3884	NA	NA	2501	NA
3885	NA	NA	2371	NA
3886	NA	NA	2410	NA
3887	NA	NA	2214	NA
3888	NA	NA	2524	NA
3889	NA	NA	2442	NA
3890	NA	NA	2288	NA
3891	NA	NA	2394	NA
3892	NA	NA	2416	NA
3893	NA	NA	2395	NA
3894	NA	NA	2446	NA
3895	NA	NA	2489	NA
3896	NA	NA	2395	NA
3897	NA	NA	2398	NA
3898	NA	NA	2421	NA
3899	NA	NA	2463	NA
3900	NA	NA	2351	NA
3901	NA	NA	2398	NA
3902	NA	NA	2338	NA
3903	NA	NA	2410	NA
3904	NA	NA	2516	NA
3905	NA	NA	2404	NA
3906	NA	NA	2294	NA
3907	NA	NA	2210	NA
3908	NA	NA	2291	NA
3909	NA	NA	2219	NA
3910	NA	NA	2337	NA
3911	NA	NA	2132	NA
3912	NA	NA	2303	NA
3913	NA	NA	2308	NA
3914	NA	NA	2288	NA
3915	NA	NA	2137	NA
3916	NA	NA	2225	NA
3917	NA	NA	2213	NA
