Insert_Size	DF_927_1_GFP
54	1
55	4
56	4
57	6
58	6
59	6
60	13
61	8
62	21
63	20
64	31
65	23
66	31
67	69
68	50
69	58
70	59
71	93
72	123
73	126
74	194
75	159
76	244
77	280
78	252
79	285
80	365
81	472
82	447
83	428
84	427
85	460
86	596
87	617
88	596
89	697
90	736
91	727
92	957
93	923
94	930
95	1015
96	1035
97	1662
98	1281
99	1431
100	176375
101	191521
102	223236
103	227410
104	231723
105	233200
106	227653
107	231463
108	231334
109	230591
110	232808
111	236558
112	238151
113	240756
114	236992
115	231582
116	224897
117	218849
118	218609
119	213487
120	213042
121	216271
122	217939
123	217891
124	214889
125	209763
126	203183
127	196416
128	192920
129	194953
130	189491
131	187551
132	192091
133	189481
134	189350
135	182938
136	177576
137	172981
138	167494
139	162633
140	161172
141	159939
142	162229
143	161504
144	158028
145	155582
146	156715
147	149197
148	147767
149	146664
150	236778
151	235060
152	236149
153	235423
154	235169
155	229861
156	224232
157	215605
158	205000
159	198644
160	193548
161	188644
162	188869
163	190285
164	191131
165	187775
166	185828
167	177047
168	168913
169	163415
170	158848
171	156250
172	156257
173	156353
174	157355
175	157116
176	155172
177	152497
178	148107
179	141464
180	136861
181	134367
182	132455
183	134032
184	137651
185	137766
186	136962
187	135173
188	130298
189	126527
190	123034
191	120817
192	119068
193	120804
194	122007
195	124717
196	123996
197	122863
198	120191
199	116994
200	111536
201	109665
202	108916
203	109112
204	109235
205	111354
206	112433
207	112653
208	112319
209	109116
210	106933
211	103061
212	100361
213	100834
214	100808
215	102029
216	103094
217	103713
218	104457
219	101710
220	99508
221	97115
222	94279
223	93332
224	92683
225	93000
226	94231
227	96421
228	96949
229	95339
230	93780
231	91150
232	89691
233	87615
234	86106
235	87724
236	87204
237	89928
238	90182
239	89833
240	89697
241	87427
242	84810
243	81884
244	81261
245	80809
246	81823
247	83436
248	82835
249	83560
250	82115
251	80500
252	77309
253	76680
254	74721
255	73571
256	74531
257	75055
258	76282
259	76248
260	76323
261	73704
262	72036
263	73166
264	70021
265	68883
266	69026
267	69079
268	70393
269	70492
270	69948
271	69004
272	67733
273	66742
274	64703
275	64115
276	62955
277	62681
278	64258
279	64198
280	64639
281	64169
282	62151
283	61210
284	60570
285	59242
286	59163
287	58605
288	59098
289	59676
290	59391
291	58880
292	58635
293	57325
294	55829
295	54525
296	54861
297	54834
298	54542
299	55221
300	55528
301	55645
302	55609
303	55209
304	55289
305	53625
306	52602
307	51885
308	52506
309	52568
310	52891
311	54831
312	53221
313	52724
314	54208
315	50200
316	50450
317	50408
318	50694
319	51855
320	50151
321	50646
322	52453
323	50874
324	51799
325	50149
326	49021
327	49695
328	50428
329	49466
330	50593
331	48179
332	48942
333	50242
334	48749
335	49608
336	47665
337	47744
338	47317
339	48838
340	48237
341	50302
342	49344
343	51764
344	51500
345	48022
346	48675
347	48525
348	47134
349	47263
350	49557
351	50513
352	49011
353	49097
354	46831
355	45605
356	45651
357	45948
358	47969
359	46074
360	46811
361	46430
362	45514
363	45152
364	43144
365	42467
366	41853
367	39988
368	40489
369	41376
370	40841
371	39416
372	40019
373	40988
374	39592
375	38719
376	38227
377	38358
378	36454
379	36486
380	36104
381	36010
382	35452
383	36494
384	36974
385	36007
386	34847
387	34739
388	34917
389	34579
390	34192
391	35600
392	33836
393	35463
394	35265
395	33642
396	33779
397	33164
398	34691
399	33327
400	33293
401	33672
402	33683
403	32064
404	31519
405	31149
406	32694
407	31002
408	33122
409	32701
410	32273
411	30935
412	30415
413	32242
414	31096
415	30398
416	29775
417	28356
418	27596
419	28521
420	28199
421	28283
422	27346
423	27301
424	27283
425	27430
426	27715
427	27441
428	27343
429	27440
430	26212
431	29227
432	27805
433	27213
434	28783
435	28639
436	28549
437	34819
438	32124
439	30579
440	31835
441	32357
442	31704
443	33669
444	32793
445	34154
446	41974
447	34880
448	34156
449	34179
450	32923
451	31468
452	32473
453	31322
454	29764
455	31523
456	31556
457	30051
458	31183
459	30187
460	30144
461	28614
462	30803
463	29963
464	30726
465	32020
466	29315
467	31226
468	32565
469	30332
470	30917
471	30598
472	28883
473	28726
474	27973
475	30177
476	29926
477	28544
478	30168
479	35412
480	28579
481	27802
482	27692
483	27484
484	28283
485	30799
486	31952
487	26874
488	29005
489	30984
490	32953
491	34971
492	31423
493	28129
494	29616
495	28742
496	28330
497	29695
498	28807
499	26724
500	30049
501	25934
502	26887
503	28348
504	26208
505	24579
506	24612
507	23880
508	24842
509	25386
510	26635
511	25904
512	23119
513	23006
514	21509
515	22452
516	22906
517	25651
518	23301
519	21615
520	23702
521	24580
522	20617
523	21668
524	21894
525	20990
526	21483
527	23919
528	22150
529	19437
530	20036
531	22348
532	23032
533	21863
534	20087
535	18345
536	19470
537	19042
538	19736
539	18421
540	19058
541	19243
542	17378
543	18765
544	18434
545	18974
546	16922
547	17378
548	17162
549	18171
550	18352
551	20388
552	20088
553	19059
554	17180
555	17597
556	16961
557	18269
558	18157
559	21764
560	17234
561	17196
562	16459
563	16275
564	17777
565	18552
566	17040
567	16302
568	15807
569	15597
570	15610
571	15850
572	16312
573	16807
574	18742
575	16063
576	15964
577	14859
578	15854
579	15109
580	15546
581	15707
582	16411
583	15095
584	14564
585	14564
586	14503
587	14526
588	14674
589	13949
590	14444
591	14035
592	13623
593	13783
594	13655
595	13534
596	13226
597	13001
598	13055
599	13002
600	13169
601	13032
602	13049
603	13238
604	13311
605	13178
606	13044
607	13497
608	12835
609	12850
610	12964
611	12590
612	12913
613	12744
614	12188
615	12639
616	12650
617	12255
618	12529
619	12662
620	12458
621	12262
622	12482
623	12116
624	11804
625	11977
626	12071
627	12017
628	12229
629	11976
630	12007
631	12425
632	12553
633	12662
634	12196
635	11994
636	12939
637	12729
638	12528
639	12774
640	12961
641	12714
642	13186
643	12675
644	12496
645	12097
646	12267
647	12730
648	12706
649	12070
650	13219
651	12851
652	12127
653	11969
654	12490
655	12281
656	12563
657	12007
658	11991
659	11645
660	11625
661	11900
662	11430
663	11769
664	11475
665	11579
666	11458
667	11309
668	11925
669	11719
670	11624
671	12011
672	11629
673	11713
674	11581
675	11834
676	11822
677	11701
678	11226
679	11111
680	11376
681	11369
682	11590
683	11182
684	11622
685	11002
686	11047
687	11065
688	11995
689	13803
690	15166
691	15679
692	15777
693	16356
694	13812
695	15096
696	16947
697	15601
698	16124
699	17997
700	15832
701	15584
702	16775
703	15879
704	15315
705	15147
706	14516
707	14760
708	14450
709	13977
710	14565
711	14007
712	13486
713	13886
714	13929
715	15177
716	15230
717	13410
718	14457
719	12492
720	12948
721	14488
722	14461
723	14269
724	13910
725	14360
726	14201
727	12954
728	12991
729	13470
730	12959
731	13959
732	14782
733	14947
734	14069
735	15506
736	14236
737	14612
738	15233
739	15545
740	15091
741	14811
742	13104
743	14232
744	13825
745	14316
746	14699
747	14527
748	14587
749	15157
750	14709
751	14802
752	15756
753	15142
754	15255
755	16278
756	15006
757	13842
758	15329
759	14074
760	13816
761	14091
762	13367
763	13573
764	12245
765	12847
766	12564
767	11996
768	12625
769	12530
770	12853
771	12340
772	12123
773	13240
774	12771
775	12626
776	12849
777	12890
778	12208
779	12763
780	12468
781	13225
782	13229
783	14178
784	14946
785	14382
786	13494
787	14758
788	13021
789	12813
790	13504
791	13737
792	13827
793	13638
794	12744
795	12467
796	12279
797	12280
798	14359
799	13154
800	12258
801	12419
802	12092
803	11360
804	11903
805	13651
806	13539
807	13164
808	13167
809	13455
810	13018
811	12310
812	12923
813	13218
814	12823
815	12763
816	13318
817	12697
818	12625
819	12412
820	11850
821	12021
822	11602
823	11176
824	12010
825	12183
826	12846
827	11852
828	12401
829	11506
830	11382
831	11486
832	11997
833	11628
834	11376
835	11119
836	11337
837	11563
838	11649
839	12324
840	11395
841	11668
842	12563
843	12883
844	11555
845	11512
846	11570
847	13452
848	12444
849	12293
850	12614
851	12490
852	12531
853	12457
854	13134
855	13227
856	13013
857	13592
858	12476
859	11714
860	12202
861	12924
862	12782
863	13049
864	13690
865	14244
866	13561
867	13535
868	12436
869	11938
870	11911
871	11723
872	12777
873	11437
874	11872
875	12336
876	11693
877	11501
878	11621
879	11352
880	11183
881	10727
882	10929
883	11264
884	10923
885	10957
886	10570
887	10718
888	10678
889	10328
890	10807
891	10022
892	10641
893	10766
894	10306
895	11175
896	10734
897	10645
898	10399
899	11029
900	10645
901	10774
902	10620
903	10670
904	10128
905	10753
906	10387
907	10045
908	10484
909	10596
910	11030
911	10254
912	10003
913	10807
914	10307
915	10112
916	10070
917	10144
918	9922
919	10091
920	10137
921	10013
922	9625
923	9177
924	9669
925	9509
926	9342
927	10136
928	9294
929	9460
930	9310
931	10066
932	9628
933	9570
934	9507
935	9094
936	9211
937	9698
938	10423
939	9439
940	9422
941	9452
942	9123
943	9085
944	9048
945	9282
946	9541
947	9636
948	9275
949	9246
950	9192
951	9146
952	9157
953	9134
954	8819
955	8550
956	8793
957	8917
958	8718
959	8559
960	8384
961	8795
962	8573
963	8566
964	8876
965	8969
966	8915
967	8646
968	8991
969	9156
970	8386
971	8578
972	8506
973	8416
974	8657
975	8617
976	8599
977	8432
978	8124
979	8002
980	8057
981	8464
982	8172
983	8370
984	8234
985	8063
986	8208
987	8321
988	8340
989	7977
990	8134
991	8134
992	8103
993	8362
994	8455
995	8315
996	8891
997	8564
998	9113
999	8528
1000	8169
1001	8618
1002	9247
1003	9632
1004	9170
1005	9021
1006	8937
1007	8844
1008	8902
1009	9178
1010	8935
1011	8596
1012	9182
1013	8867
1014	8348
1015	8170
1016	8588
1017	9278
1018	8751
1019	8528
1020	8372
1021	8273
1022	8168
1023	8287
1024	8120
1025	8289
1026	8326
1027	8487
1028	8665
1029	8436
1030	8418
1031	8433
1032	8342
1033	8550
1034	8986
1035	8819
1036	8497
1037	8809
1038	8676
1039	8463
1040	9100
1041	8158
1042	8355
1043	8502
1044	8419
1045	8242
1046	8228
1047	8325
1048	8594
1049	9334
1050	9159
1051	9077
1052	9483
1053	8588
1054	8569
1055	8372
1056	8063
1057	8426
1058	8589
1059	8745
1060	9710
1061	8959
1062	9984
1063	9260
1064	10939
1065	9053
1066	8584
1067	9820
1068	8804
1069	10658
1070	9715
1071	11093
1072	9011
1073	8696
1074	8743
1075	8841
1076	8934
1077	9145
1078	9378
1079	8856
1080	8651
1081	8620
1082	8577
1083	8812
1084	8893
1085	8716
1086	8796
1087	9140
1088	8602
1089	8543
1090	8723
1091	8433
1092	8291
1093	8378
1094	8319
1095	8159
1096	8106
1097	8220
1098	8139
1099	8742
1100	8515
1101	9046
1102	8811
1103	8883
1104	8322
1105	8329
1106	8259
1107	8301
1108	8508
1109	8266
1110	8041
1111	7990
1112	8110
1113	8445
1114	8412
1115	8083
1116	7971
1117	8066
1118	7721
1119	7489
1120	7720
1121	7666
1122	7784
1123	7786
1124	7927
1125	8141
1126	7799
1127	7488
1128	7792
1129	7520
1130	7985
1131	8415
1132	7575
1133	7903
1134	7803
1135	7805
1136	7771
1137	8207
1138	8057
1139	7872
1140	7895
1141	7697
1142	7595
1143	7736
1144	7485
1145	7793
1146	7804
1147	7859
1148	7639
1149	7573
1150	7256
1151	7558
1152	8036
1153	7841
1154	8232
1155	8301
1156	8262
1157	8185
1158	9291
1159	7775
1160	8349
1161	8883
1162	9050
1163	9174
1164	9736
1165	9240
1166	9748
1167	9394
1168	10201
1169	8556
1170	8832
1171	9403
1172	8792
1173	9464
1174	8723
1175	8297
1176	8431
1177	8338
1178	8693
1179	8408
1180	8423
1181	8444
1182	8634
1183	8430
1184	8466
1185	8659
1186	8384
1187	8771
1188	8211
1189	8713
1190	8785
1191	8846
1192	8701
1193	8711
1194	8807
1195	8710
1196	8666
1197	9159
1198	8723
1199	8484
1200	8590
1201	8474
1202	8558
1203	8956
1204	9166
1205	9286
1206	8684
1207	9125
1208	8837
1209	8904
1210	8706
1211	8572
1212	8069
1213	8458
1214	7711
1215	7980
1216	7709
1217	8101
1218	7768
1219	7905
1220	8062
1221	7704
1222	7698
1223	7992
1224	7669
1225	8003
1226	7467
1227	7555
1228	7696
1229	7280
1230	7846
1231	7826
1232	7786
1233	7890
1234	7893
1235	7601
1236	7397
1237	7959
1238	7906
1239	7724
1240	7339
1241	7480
1242	7478
1243	7594
1244	7654
1245	7994
1246	7995
1247	7999
1248	8083
1249	8223
1250	8030
1251	7948
1252	7999
1253	8136
1254	7801
1255	7963
1256	8156
1257	7556
1258	7958
1259	8294
1260	7810
1261	7819
1262	7900
1263	7532
1264	7644
1265	7629
1266	7699
1267	7216
1268	7384
1269	7375
1270	6995
1271	7448
1272	7378
1273	7119
1274	7373
1275	7176
1276	7746
1277	7384
1278	6968
1279	7195
1280	7019
1281	7479
1282	7140
1283	7003
1284	7271
1285	7132
1286	7263
1287	7191
1288	6834
1289	7032
1290	7152
1291	7416
1292	7038
1293	6954
1294	6636
1295	6754
1296	7013
1297	7180
1298	7623
1299	7472
1300	6904
1301	6836
1302	6685
1303	6794
1304	7318
1305	6993
1306	7243
1307	7170
1308	7507
1309	6921
1310	6777
1311	6638
1312	6827
1313	7098
1314	6674
1315	6496
1316	6746
1317	6351
1318	6676
1319	6614
1320	6873
1321	6521
1322	6779
1323	6198
1324	6696
1325	6823
1326	6735
1327	31961
1328	17697
1329	30640
1330	34593
1331	48515
1332	58215
1333	67609
1334	38525
1335	16638
1336	23416
1337	12238
1338	11520
1339	11904
1340	10582
1341	11663
1342	11323
1343	14691
1344	16440
1345	13703
1346	27837
1347	15914
1348	13890
1349	23185
1350	12982
1351	11779
1352	12793
1353	13973
1354	13024
1355	17738
1356	15872
1357	14385
1358	17619
1359	12132
1360	12312
1361	13689
1362	10158
1363	10536
1364	11672
1365	11249
1366	12162
1367	13211
1368	11061
1369	10860
1370	11594
1371	11337
1372	11515
1373	11582
1374	10919
1375	13743
1376	14698
1377	12245
1378	12871
1379	12800
1380	12046
1381	11177
1382	13954
1383	16913
1384	15753
1385	26120
1386	15751
1387	13910
1388	14088
1389	10482
1390	12187
1391	9787
1392	11683
1393	11023
1394	13385
1395	13643
1396	12189
1397	15875
1398	9446
1399	8307
1400	7693
1401	8789
1402	7379
1403	7695
1404	7835
1405	7976
1406	7617
1407	7438
1408	7316
1409	7254
1410	7243
1411	7126
1412	6883
1413	6782
1414	6548
1415	7200
1416	7029
1417	7142
1418	7215
1419	6860
1420	7113
1421	6708
1422	6685
1423	7149
1424	6691
1425	7047
1426	6645
1427	6744
1428	6600
1429	6756
1430	6501
1431	6915
1432	6560
1433	6832
1434	6298
1435	6285
1436	6177
1437	6162
1438	6149
1439	6753
1440	6375
1441	7124
1442	6325
1443	5913
1444	5835
1445	6156
1446	5749
1447	5969
1448	6056
1449	5882
1450	5747
1451	5940
1452	5751
1453	6069
1454	5608
1455	5937
1456	5563
1457	5763
1458	5533
1459	5724
1460	5688
1461	5891
1462	5769
1463	5860
1464	5786
1465	5804
1466	5948
1467	5793
1468	6075
1469	5949
1470	5670
1471	5805
1472	5772
1473	5733
1474	5963
1475	6120
1476	6112
1477	6024
1478	5928
1479	5863
1480	5650
1481	5629
1482	5444
1483	5462
1484	5525
1485	5880
1486	5867
1487	5672
1488	5832
1489	5848
1490	5763
1491	5673
1492	5640
1493	5991
1494	5652
1495	5864
1496	5507
1497	5606
1498	6045
1499	5932
1500	6165
1501	5888
1502	5619
1503	6094
1504	5585
1505	5661
1506	5870
1507	5674
1508	5690
1509	5778
1510	5622
1511	5687
1512	5624
1513	5691
1514	5551
1515	5677
1516	5690
1517	5587
1518	5540
1519	5741
1520	5570
1521	5545
1522	5375
1523	5302
1524	5455
1525	5452
1526	5386
1527	5683
1528	5573
1529	5839
1530	5522
1531	5410
1532	5567
1533	5280
1534	5314
1535	4970
1536	5523
1537	5416
1538	5129
1539	5238
1540	5193
1541	5396
1542	5650
1543	5366
1544	5618
1545	5572
1546	5428
1547	5855
1548	5452
1549	5504
1550	5454
1551	5544
1552	5380
1553	5392
1554	5592
1555	5590
1556	5759
1557	5638
1558	5427
1559	5384
1560	5340
1561	5441
1562	5372
1563	5707
1564	5226
1565	5658
1566	5505
1567	5361
1568	5579
1569	5398
1570	5538
1571	5431
1572	5400
1573	5480
1574	5302
1575	5267
1576	5121
1577	5418
1578	5762
1579	5253
1580	5611
1581	5265
1582	5215
1583	5355
1584	5511
1585	5181
1586	5379
1587	5378
1588	5423
1589	5184
1590	5475
1591	5282
1592	5148
1593	5177
1594	5207
1595	5332
1596	5400
1597	5313
1598	5269
1599	5196
1600	5026
1601	5181
1602	5091
1603	5323
1604	5371
1605	5481
1606	5287
1607	5347
1608	5117
1609	5361
1610	5613
1611	5413
1612	5244
1613	5357
1614	5451
1615	5731
1616	5806
1617	5914
1618	5812
1619	5357
1620	5553
1621	5448
1622	5502
1623	5419
1624	5223
1625	5433
1626	5595
1627	5651
1628	5404
1629	5429
1630	5485
1631	5612
1632	5379
1633	5403
1634	5378
1635	5471
1636	5399
1637	5538
1638	5719
1639	5765
1640	5602
1641	5597
1642	5535
1643	5298
1644	5392
1645	5440
1646	5445
1647	5420
1648	5652
1649	5325
1650	5435
1651	5318
1652	5583
1653	5291
1654	5485
1655	5479
1656	5590
1657	5835
1658	5785
1659	5622
1660	5170
1661	5463
1662	5725
1663	5797
1664	5686
1665	5749
1666	5768
1667	5811
1668	5840
1669	5488
1670	5622
1671	5578
1672	5778
1673	5831
1674	5374
1675	5649
1676	5569
1677	5807
1678	5683
1679	5676
1680	5602
1681	5319
1682	5564
1683	5433
1684	5330
1685	5562
1686	5335
1687	5362
1688	5465
1689	5461
1690	5272
1691	5356
1692	5244
1693	5143
1694	5226
1695	5262
1696	5401
1697	5089
1698	5355
1699	5707
1700	5163
1701	5420
1702	5112
1703	5382
1704	5119
1705	5135
1706	5188
1707	5365
1708	4924
1709	4944
1710	4874
1711	4993
1712	4834
1713	5028
1714	5093
1715	4928
1716	4911
1717	4941
1718	4752
1719	4832
1720	4606
1721	4757
1722	4668
1723	4760
1724	4679
1725	4622
1726	4710
1727	4675
1728	4511
1729	4537
1730	4483
1731	4378
1732	4397
1733	4457
1734	4406
1735	4332
1736	4579
1737	4557
1738	4406
1739	4231
1740	4470
1741	4417
1742	4473
1743	4583
1744	4385
1745	4444
1746	4403
1747	4359
1748	4399
1749	4425
1750	4863
1751	4359
1752	4603
1753	4574
1754	4535
1755	4902
1756	5077
1757	5099
1758	4933
1759	4553
1760	5212
1761	4673
1762	4644
1763	5080
1764	5054
1765	6220
1766	5987
1767	5735
1768	5652
1769	5061
1770	6899
1771	6667
1772	5832
1773	6823
1774	6823
1775	6492
1776	6215
1777	5767
1778	6426
1779	7463
1780	9117
1781	9374
1782	7289
1783	6901
1784	6979
1785	7732
1786	7989
1787	7461
1788	7489
1789	7689
1790	6089
1791	6406
1792	7412
1793	8520
1794	10486
1795	10922
1796	9260
1797	8210
1798	8001
1799	9299
1800	9990
1801	10807
1802	12377
1803	9099
1804	11870
1805	8379
1806	10168
1807	13815
1808	16295
1809	20236
1810	18770
1811	15401
1812	15022
1813	9772
1814	14212
1815	14311
1816	13310
1817	12511
1818	12935
1819	9003
1820	9644
1821	12699
1822	21226
1823	18974
1824	25422
1825	18457
1826	7113
1827	7766
1828	7982
1829	6984
1830	7360
1831	6969
1832	6363
1833	8401
1834	6329
1835	8780
1836	8070
1837	8684
1838	6466
1839	6403
1840	6849
1841	7491
1842	6243
1843	7574
1844	6367
1845	5505
1846	6179
1847	5375
1848	5981
1849	5738
1850	6003
1851	5912
1852	5752
1853	5970
1854	7767
1855	8125
1856	11412
1857	9204
1858	7094
1859	6587
1860	5724
1861	6223
1862	8312
1863	12589
1864	16296
1865	15637
1866	25003
1867	7482
1868	6090
1869	7293
1870	8707
1871	8197
1872	9814
1873	5964
1874	5149
1875	5061
1876	4874
1877	5089
1878	5011
1879	5198
1880	5050
1881	5328
1882	4752
1883	4519
1884	4616
1885	4807
1886	4646
1887	4751
1888	5081
1889	4746
1890	4922
1891	4764
1892	5010
1893	4552
1894	4700
1895	4637
1896	4941
1897	4432
1898	4634
1899	4754
1900	4983
1901	4643
1902	4723
1903	4350
1904	4349
1905	4404
1906	4063
1907	3968
1908	4050
1909	4267
1910	4443
1911	4207
1912	4019
1913	4084
1914	4096
1915	4350
1916	4156
1917	4218
1918	4036
1919	3998
1920	4179
1921	4029
1922	4212
1923	4120
1924	4202
1925	3878
1926	4054
1927	4026
1928	3992
1929	4033
1930	4053
1931	3926
1932	3956
1933	3955
1934	3951
1935	4055
1936	3988
1937	4494
1938	4153
1939	3960
1940	4142
1941	4039
1942	3912
1943	4170
1944	4012
1945	3949
1946	4347
1947	4011
1948	4365
1949	4145
1950	4137
1951	4092
1952	4220
1953	3993
1954	3952
1955	4043
1956	4161
1957	3832
1958	3975
1959	4131
1960	3963
1961	3983
1962	3799
1963	3928
1964	3820
1965	3953
1966	3829
1967	3801
1968	3832
1969	4015
1970	3919
1971	3779
1972	3853
1973	3825
1974	3812
1975	3857
1976	3818
1977	3859
1978	3811
1979	3746
1980	3569
1981	3742
1982	3695
1983	3588
1984	3750
1985	3724
1986	3553
1987	3660
1988	3501
1989	3654
1990	3626
1991	3736
1992	3822
1993	3731
1994	3631
1995	3734
1996	3708
1997	3563
1998	3721
1999	3649
2000	3552
2001	3655
2002	3811
2003	3609
2004	3570
2005	3736
2006	3623
2007	3568
2008	3497
2009	3677
2010	3497
2011	3487
2012	3481
2013	3488
2014	3284
2015	3595
2016	3443
2017	3440
2018	3496
2019	3444
2020	3351
2021	3352
2022	3381
2023	3637
2024	3564
2025	3463
2026	3400
2027	3509
2028	3496
2029	3522
2030	3643
2031	3627
2032	3460
2033	3442
2034	3483
2035	3474
2036	3371
2037	3437
2038	3444
2039	3329
2040	3452
2041	3567
2042	3425
2043	3521
2044	3594
2045	3466
2046	3639
2047	3432
2048	3603
2049	3397
2050	3593
2051	3433
2052	3484
2053	3598
2054	3426
2055	3616
2056	3588
2057	3536
2058	3505
2059	3577
2060	3495
2061	3436
2062	3614
2063	3521
2064	3535
2065	3750
2066	3584
2067	3550
2068	3582
2069	3567
2070	3450
2071	3624
2072	3632
2073	3691
2074	3580
2075	3552
2076	3503
2077	3420
2078	3513
2079	3362
2080	3529
2081	3729
2082	3591
2083	3673
2084	3706
2085	3590
2086	3584
2087	3635
2088	4254
2089	5002
2090	3891
2091	3940
2092	3943
2093	3973
2094	4318
2095	3784
2096	3917
2097	4148
2098	3869
2099	3966
2100	4586
2101	4395
2102	4355
2103	4220
2104	4502
2105	4602
2106	3896
2107	4229
2108	4089
2109	3935
2110	4056
2111	3944
2112	3992
2113	3985
2114	4048
2115	4114
2116	3902
2117	3981
2118	4007
2119	3984
2120	4097
2121	4460
2122	3995
2123	4156
2124	4075
2125	4197
2126	4119
2127	4094
2128	4307
2129	4216
2130	4317
2131	4680
2132	4437
2133	3970
2134	4107
2135	4077
2136	4551
2137	4447
2138	4326
2139	4056
2140	4224
2141	4057
2142	4003
2143	4174
2144	4140
2145	4099
2146	4159
2147	4355
2148	4247
2149	4321
2150	4413
2151	4865
2152	4346
2153	4155
2154	4280
2155	4528
2156	4567
2157	4280
2158	4358
2159	4146
2160	4372
2161	4235
2162	4158
2163	4349
2164	3958
2165	4376
2166	4239
2167	4008
2168	4358
2169	4262
2170	4343
2171	4286
2172	4094
2173	4030
2174	4254
2175	4219
2176	4148
2177	3783
2178	3924
2179	4087
2180	4028
2181	3920
2182	3970
2183	3742
2184	4060
2185	4279
2186	4144
2187	4419
2188	4191
2189	4085
2190	4191
2191	4077
2192	4294
2193	4200
2194	4119
2195	4304
2196	4326
2197	4467
2198	4652
2199	4400
2200	4192
2201	4051
2202	4002
2203	4088
2204	4139
2205	4379
2206	3864
2207	3823
2208	3811
2209	4038
2210	3987
2211	3784
2212	3905
2213	4205
2214	3953
2215	3872
2216	3917
2217	3853
2218	3713
2219	3718
2220	3817
2221	3895
2222	4078
2223	4093
2224	4039
2225	3930
2226	3958
2227	3844
2228	3723
2229	3739
2230	3603
2231	3784
2232	3589
2233	3747
2234	3710
2235	3584
2236	3476
2237	3776
2238	3962
2239	3647
2240	4053
2241	3850
2242	4148
2243	4121
2244	3919
2245	3829
2246	3630
2247	3717
2248	3654
2249	3701
2250	4030
2251	4182
2252	4725
2253	4274
2254	4177
2255	3878
2256	3521
2257	3778
2258	3436
2259	3446
2260	3440
2261	3709
2262	3601
2263	3593
2264	3367
2265	3409
2266	3359
2267	3480
2268	3509
2269	3749
2270	3249
2271	3334
2272	3370
2273	3319
2274	3527
2275	3335
2276	3310
2277	3210
2278	3055
2279	3216
2280	3223
2281	3262
2282	3228
2283	3077
2284	3093
2285	3095
2286	3096
2287	3076
2288	3008
2289	2971
2290	3036
2291	3088
2292	3098
2293	2970
2294	3003
2295	3025
2296	2905
2297	2968
2298	3105
2299	3202
2300	3096
2301	3042
2302	3148
2303	3152
2304	3108
2305	3122
2306	3046
2307	3163
2308	3025
2309	2939
2310	2991
2311	2931
2312	2949
2313	3090
2314	3036
2315	2915
2316	3100
2317	2916
2318	3021
2319	2922
2320	2972
2321	3005
2322	2983
2323	2998
2324	2926
2325	3097
2326	2999
2327	3112
2328	3084
2329	3001
2330	2957
2331	2960
2332	3022
2333	3068
2334	3054
2335	3005
2336	3012
2337	3052
2338	2910
2339	2945
2340	2994
2341	2834
2342	3008
2343	2929
2344	3132
2345	3067
2346	3122
2347	2946
2348	2953
2349	3048
2350	3020
2351	3050
2352	3033
2353	3167
2354	3173
2355	3120
2356	3147
2357	3025
2358	3006
2359	2955
2360	2895
2361	2854
2362	2953
2363	2923
2364	3120
2365	2969
2366	3015
2367	2943
2368	2848
2369	3035
2370	2966
2371	3034
2372	2988
2373	2876
2374	2833
2375	2931
2376	2997
2377	3000
2378	2930
2379	2951
2380	2890
2381	3035
2382	3091
2383	3017
2384	2954
2385	2968
2386	2998
2387	3090
2388	3016
2389	3074
2390	2941
2391	3193
2392	3080
2393	3104
2394	3275
2395	2979
2396	3025
2397	3005
2398	2953
2399	3041
2400	3121
2401	3037
2402	3109
2403	3027
2404	3012
2405	3115
2406	3319
2407	3248
2408	3357
2409	3248
2410	3116
2411	3211
2412	3300
2413	3095
2414	2938
2415	3029
2416	3085
2417	3308
2418	3064
2419	3142
2420	3096
2421	3121
2422	3038
2423	3145
2424	3086
2425	3039
2426	2977
2427	3202
2428	3096
2429	3152
2430	3223
2431	3213
2432	3117
2433	3112
2434	3182
2435	3027
2436	3090
2437	3027
2438	3147
2439	3139
2440	3061
2441	3071
2442	3201
2443	3121
2444	3082
2445	3242
2446	3208
2447	3244
2448	3168
2449	3216
2450	3001
2451	3087
2452	3081
2453	3076
2454	3096
2455	2948
2456	3068
2457	3124
2458	3042
2459	2966
2460	2979
2461	2965
2462	3055
2463	2905
2464	3039
2465	3046
2466	2943
2467	2951
2468	2954
2469	3012
2470	3059
2471	3003
2472	3119
2473	3081
2474	3136
2475	3192
2476	3117
2477	3240
2478	3288
2479	3134
2480	3316
2481	3199
2482	3223
2483	3206
2484	3242
2485	3184
2486	3342
2487	3134
2488	3297
2489	3292
2490	3300
2491	3247
2492	3302
2493	3277
2494	3346
2495	3316
2496	3361
2497	3366
2498	3364
2499	3214
2500	3275
2501	3105
2502	3126
2503	3125
2504	3114
2505	2979
2506	3248
2507	3245
2508	3011
2509	3158
2510	3223
2511	3243
2512	3328
2513	3264
2514	3101
2515	2958
2516	3032
2517	3192
2518	3149
2519	3131
2520	3205
2521	3081
2522	3318
2523	3194
2524	3503
2525	3553
2526	3315
2527	3542
2528	3517
2529	3598
2530	3599
2531	3810
2532	3618
2533	3426
2534	3580
2535	3536
2536	3601
2537	3614
2538	3373
2539	3448
2540	3299
2541	3332
2542	3214
2543	3184
2544	3419
2545	3375
2546	3504
2547	3563
2548	3417
2549	3504
2550	3474
2551	3634
2552	3617
2553	3340
2554	3329
2555	3426
2556	3625
2557	3382
2558	3564
2559	3559
2560	3648
2561	3840
2562	3775
2563	3674
2564	3713
2565	3645
2566	3706
2567	3706
2568	3711
2569	3995
2570	3814
2571	3621
2572	3620
2573	3788
2574	3837
2575	4114
2576	4015
2577	3955
2578	3922
2579	3507
2580	3560
2581	3585
2582	3759
2583	4017
2584	3713
2585	4339
2586	3738
2587	4024
2588	3863
2589	3854
2590	4251
2591	3988
2592	4073
2593	3911
2594	4064
2595	3762
2596	3923
2597	4216
2598	4238
2599	3953
2600	3986
2601	3505
2602	3848
2603	3617
2604	3932
2605	3705
2606	3694
2607	3375
2608	3277
2609	3340
2610	3265
2611	3215
2612	3262
2613	3339
2614	3371
2615	3296
2616	3322
2617	3272
2618	3225
2619	3289
2620	3395
2621	3411
2622	3448
2623	3187
2624	3224
2625	3068
2626	3222
2627	3112
2628	2944
2629	2975
2630	3010
2631	3123
2632	3069
2633	3225
2634	3117
2635	2971
2636	3079
2637	2947
2638	2990
2639	3034
2640	2991
2641	2874
2642	2977
2643	2956
2644	2797
2645	2850
2646	3020
2647	2981
2648	2992
2649	3240
2650	2960
2651	3104
2652	2965
2653	2871
2654	2865
2655	2683
2656	2784
2657	2649
2658	2789
2659	2628
2660	2853
2661	2640
2662	2871
2663	2836
2664	2794
2665	2796
2666	2708
2667	2765
2668	2587
2669	2607
2670	2587
2671	2807
2672	2813
2673	2805
2674	2908
2675	2735
2676	2801
2677	2508
2678	2651
2679	2648
2680	2766
2681	2615
2682	2603
2683	2591
2684	2599
2685	2563
2686	2685
2687	2582
2688	2729
2689	2693
2690	2759
2691	2719
2692	2709
2693	2775
2694	2602
2695	2775
2696	2691
2697	2660
2698	2563
2699	2734
2700	2626
2701	2673
2702	2691
2703	2727
2704	2651
2705	2742
2706	2716
2707	2679
2708	2719
2709	2803
2710	2661
2711	2709
2712	2646
2713	2708
2714	2885
2715	2838
2716	2707
2717	2809
2718	2746
2719	2716
2720	2674
2721	2712
2722	2780
2723	2693
2724	2894
2725	2799
2726	2796
2727	2578
2728	2629
2729	2816
2730	2812
2731	2816
2732	2755
2733	2810
2734	3011
2735	2806
2736	2838
2737	2778
2738	2991
2739	2753
2740	3058
2741	2940
2742	2813
2743	2797
2744	3047
2745	2925
2746	2799
2747	2844
2748	2792
2749	3027
2750	2812
2751	2832
2752	2740
2753	2661
2754	2835
2755	2796
2756	2809
2757	2751
2758	2806
2759	2707
2760	2625
2761	2591
2762	2676
2763	2620
2764	2675
2765	2766
2766	2760
2767	2642
2768	2735
2769	2625
2770	2604
2771	2690
2772	2775
2773	2726
2774	2519
2775	2692
2776	2635
2777	2577
2778	2708
2779	2610
2780	2543
2781	2631
2782	2724
2783	2597
2784	2413
2785	2607
2786	2486
2787	2593
2788	2758
2789	2734
2790	2637
2791	2651
2792	2641
2793	2493
2794	2557
2795	2611
2796	2632
2797	2647
2798	2412
2799	2501
2800	2578
2801	2515
2802	2631
2803	2688
2804	2561
2805	2522
2806	2602
2807	2458
2808	2547
2809	2517
2810	2522
2811	2398
2812	2375
2813	2540
2814	2549
2815	2557
2816	2538
2817	2367
2818	2503
2819	2408
2820	2508
2821	2431
2822	2567
2823	2424
2824	2467
2825	2402
2826	2320
2827	2505
2828	2511
2829	2585
2830	2484
2831	2467
2832	2647
2833	2446
2834	2593
2835	2495
2836	2531
2837	2441
2838	2588
2839	2537
2840	2573
2841	2499
2842	2440
2843	2432
2844	2373
2845	2428
2846	2590
2847	2396
2848	2432
2849	2448
2850	2410
2851	2423
2852	2506
2853	2539
2854	2482
2855	2500
2856	2411
2857	2547
2858	2406
2859	2449
2860	2456
2861	2430
2862	2476
2863	2314
2864	2436
2865	2430
2866	2575
2867	2653
2868	2553
2869	2661
2870	2575
2871	2522
2872	2519
2873	2252
2874	2430
2875	2352
2876	2367
2877	2480
2878	2418
2879	2430
2880	2344
2881	2572
2882	2334
2883	2459
2884	2368
2885	2404
2886	2522
2887	2411
2888	2339